-0.0046
0.0182
0.0004
-0.0102
0.0026
-0.0032
0.0166
-0.0038
-0.01
0.0066
0.008
0.0102
0.007
-0.0084
-0.015
0.0044
-0.0068
0.0132
-0.0148
-0.0182
0.0066
-0.0094
0.0048
-0.0068
-0.0042
0.0074
-0.0024
-0.0134
0.0094
-0.016
-0.0018
-0.0096
0.0104
0.0024
-0.0028
-0.004
-0.0114
0.0042
0.0146
-0.0078
-0.0148
-0.0208
-0.0158
0.0048
0.012
0.0016
0.0062
-0.0178
-0.0164
-0.0098
-0.0074
-0.0024
-0.0024
-0.0012
-0.0142
-0.0032
-0.0004
-0.0078
0.0048
0.0108
-0.004
-0.0064
0.015
0.003
-0.003
-0.0066
-0.004
-0.0002
0.0024
-0.0038
-0.009
-0.0018
-0.0072
-0.005
-0.0166
-0.0086
-0.009
0.001
0.0158
-0.0152
0.0162
-0.0028
-0.006
0.0088
-0.007
0.0018
0.0018
-0.0052
0.0098
-0.0212
0.0064
0.011
0.0058
-0.0048
-0.0048
-0.0126
-0.0072
0.0138
0.0008
0.0048
-0.0048
-0.0236
-0.0004
-0.0008
-0.0128
-0.002
-0.0228
0
0.002
-0.007
0.0116
-0.0018
0.0028
0.008
0.0026
0.0016
0.0086
0.0014
-0.0082
-0.0078
-0.0332
-0.0244
-0.009
-0.0076
-0.0014
0.0078
-0.0278
-0.0058
-0.0066
-0.011
-0.0058
-0.0118
-0.006
0.013
-0.005
0.0092
-0.002
-0.006
-0.0104
-0.0082
-0.0018
-0.005
0.0036
-0.0064
0.0004
-0.0106
-0.0062
0.0146
0.0204
0.0016
0.0064
-0.0048
0.0138
0.0098
-0.019
-0.0194
-0.0014
-0.0038
0.0084
0.0008
-0.0132
-0.0002
-0.0148
0.0116
-0.0032
0.0044
0.0026
-0.0116
-0.0008
-0.0004
0.02
0.001
-0.0096
-0.0002
-0.003
-0.0056
-0.001
-0.0024
-0.019
-0.006
0.003
-0.0104
-0.008
-0.0024
0.0116
-0.0296
0.0008
0.0042
0.0128
-0.003
-0.0074
0.0204
0.0236
0.0098
-0.0054
-0.0044
-0.0002
0.0032
0.0338
0.0128
-0.0028
-0.0014
-0.0004
0.024
0.0094
0.0148
0.0064
0.0018
0.0064
-0.0052
0.0052
-0.0052
-0.0054
0.0028
0.002
0.0208
-0.0028
0.0012
0.009
-0.0002
-0.0114
-0.01
-0.012
-0.0008
-0.0066
-0.0004
-0.0096
0.012
0.0012
0.0152
-0.0092
-0.021
-0.0088
-0.005
0.0088
0.0124
-0.008
-0.0064
0.0002
0.004
0.0018
-0.0008
-0.0104
-0.0028
0.0054
-0.0076
0.0036
-0.0184
0.0104
0.0008
-0.01
0.0128
0.0062
-0.002
0.0214
-0.0114
-0.0044
-0.0102
-0.0044
-0.0082
-0.0142
-0.0188
-0.003
-0.0084
-0.0034
-0.0004
0.0072
-0.0082
-0.0166
-0.0136
0.0014
0.0032
0.0052
0.0034
0.0036
-0.0154
0.0014
0.0098
-0.0002
-0.0124
-0.0058
0.0236
0.0028
0.003
-0.0018
0.0236
-0.0042
0.0104
-0.0028
0.0006
-0.005
-0.0088
0.0022
0.0104
0.0016
0.0242
0.0044
-0.0038
0.003
-0.0052
-0.007
-0.0094
-0.007
0.0132
0.0066
0.0184
0.0064
0.0156
0.0016
-0.0088
-0.0028
-0.0156
-0.002
-0.0104
0.0172
-0.0012
-0.0008
0.014
0.003
-0.0038
-0.014
-0.0088
-0.0222
0.0014
0.0032
0.0078
-0.0096
0.0136
0.0062
0.0028
-0.0122
0.0028
0.0062
0.0036
-0.0048
0.0056
-0.0006
-0.001
-0.0112
-0.002
0.007
0.0244
0.0048
0.0192
-0.0024
-0.0082
-0.0192
-0.018
-0.0154
-0.0014
0.0148
0.001
0.0122
-0.0146
-0.011
-0.003
0.0036
-0.0036
-0.0086
0.0014
-0.0006
-0.0036
0.012
0.011
-0.0064
0.0102
0.037
-0.0128
-0.0078
-0.004
-0.0062
0.0058
0.0028
-0.0132
-0.0116
-0.0092
0.0122
0.0076
0.0014
0.0182
0.0062
0.0144
0.0168
-0.005
0.0034
-0.0018
-0.0002
0.0064
0.0096
0.0092
-0.015
0.0012
-0.0032
0.0086
-0.0076
-0.0134
-0.0036
-0.0036
-0.0022
0.0118
0.0018
0.0044
-0.0046
-0.0048
0.0062
-0.0286
0.0018
-0.0016
-0.0116
-0.011
0.0064
0.0242
0.0136
0.0066
-0.0068
0.0084
-0.0028
-0.0012
0.0222
-0.0122
-0.0066
0.0006
-0.0052
0.0068
-0.0072
-0.0146
-0.0214
0.0234
0.0028
0.006
-0.004
0.0256
-0.0184
0.0004
-0.013
0.0196
0.0026
-0.002
-0.007
0.0168
0.0102
-0.0062
0.0072
0.0014
0.02
0.0106
0.0058
-0.0008
0.0112
-0.0168
0.016
0.0082
0.0192
0.0122
-0.0036
0.0042
0.0188
-0.005
0
-0.0176
-0.0158
-0.008
-0.014
-0.0068
-0.0086
0.0002
-0.0104
0.0074
0.019
0.0074
0.0036
0.0012
-0.0108
0.0016
0.022
0.0148
0.0196
0.0068
-0.0008
-0.0098
0.0068
0.0144
-0.003
0.0044
0.0048
0.0094
-0.002
-0.0112
0.0024
-0.003
0.0012
0.0018
0.0126
0.0032
0.0066
0.0124
0.008
-0.0154
-0.016
-0.0024
-0.0148
-0.0302
-0.0038
0.0188
0.0016
0.0082
0.0034
0.0112
-0.0084
-0.0114
0.0004
0.0118
0.0066
0.017
-0.0018
0.0252
0.0128
0.0068
0.0106
-0.0184
-0.0008
0.0136
0.0076
-0.0052
0.0094
0.0042
0.0108
0.0176
-0.0088
-0.0072
0.0052
-0.0022
0.0106
0.0178
0.0016
0.0008
-0.0128
-0.0016
0.0058
-0.0092
-0.0074
0.0006
-0.0114
0.002
0.0082
-0.0066
0.0312
0.0024
0.0094
0.0014
-0.003
-0.0104
0.0086
-0.0218
0.01
0.0034
-0.0234
-0.0084
0.0134
0.0104
0.0038
0.0074
0.0018
-0.028
0.0082
-0.004
-0.0286
-0.0116
0.005
0.0108
0.0144
0.0044
-0.0192
0.014
0.0228
0.0152
-0.0006
0.002
0.0238
-0.0088
-0.0058
0.0124
0.0096
-0.0082
0.0046
-0.008
-0.0108
0.0056
0.0088
0.0104
-0.0012
-0.0144
-0.013
-0.0004
-0.0076
-0.0104
-0.006
0.0038
0.0026
0.0192
-0.0036
-0.0108
0.0058
-0.0034
-0.0002
0.0074
0.006
-0.0144
0.01
0.0096
0.0126
-0.0218
-0.0056
0.006
-0.008
-0.0082
0.0038
-0.008
-0.0164
-0.0092
-0.0066
0.0108
-0.006
0.0044
-0.0106
0.0034
0.0042
-0.0086
0.0012
-0.016
-0.0166
-0.0182
-0.0026
-0.0088
0.0036
0.0086
0.0034
0.0002
-0.0058
-0.0038
0.0014
-0.0012
0.004
0.0132
-0.0136
-0.0072
0.0068
0.0024
-0.0118
0.004
-0.0258
0
-0.0046
-0.0024
0.01
0.0072
-0.0168
-0.0108
-0.0204
-0.0008
-0.0148
-0.0104
0.016
-0.017
0.0084
0.0074
-0.0042
0.0142
0.007
0.002
0.0088
0.0022
-0.0012
-0.0192
0.0012
0.009
0.0038
-0.0072
-0.0004
0.0092
-0.0074
-0.011
0.0044
0.0052
0.0104
-0.0072
0.0036
0.0032
0.0032
0.0046
-0.0218
-0.0038
-0.0006
-0.0052
-0.0016
0.0036
-0.0268
0.0024
-0.002
0.0114
-0.0094
0.005
0.005
-0.0034
-0.0092
-0.013
-0.0058
-0.0198
-0.013
-0.0164
-0.0004
0.009
0.001
-0.01
0.0044
0.0024
0.006
0.0026
0.015
0.01
0.003
0.0132
0.005
-0.0048
0.0152
0.0008
0.0006
0.0156
0.012
0.0154
-0.0034
-0.03
-0.0082
-0.0012
0.0258
-0.0026
-0.0128
0.0078
0.0094
0.0096
-0.0066
0.018
0.0214
0.0118
-0.0012
-0.0016
-0.0124
-0.018
-0.0088
0.0024
-0.0128
-0.0056
-0.025
-0.0088
-0.0098
0.0014
-0.006
0.0096
0.02
0.0096
0.0028
0.0132
-0.0052
-0.0106
0.0104
0.0136
-0.0022
-0.0108
0.0092
-0.0144
0.0016
0
-0.0112
-0.004
-0.0082
0.0074
0.0012
-0.003
0.0052
-0.0006
0.005
0.0082
-0.006
-0.0084
-0.0034
0.0098
-0.0072
0.0232
0.0036
0.0166
-0.0096
-0.0096
0.0044
0.0016
-0.0166
0.0008
-0.0066
0.0034
0.0132
0.0058
0.0076
0.0088
-0.0026
-0.004
-0.005
-0.0052
-0.0014
-0.0058
0.0018
0.0026
0.0156
-0.0194
0.0034
-0.0006
-0.0034
-0.0204
-0.0174
-0.0118
0.0006
-0.0056
0.0118
-0.008
-0.0008
0.001
-0.0186
0.0034
0.0048
-0.004
-0.0168
0.0124
-0.0012
0.0044
-0.0148
-0.0062
0.009
-0.0084
-0.028
0.0002
0.0144
0.0122
-0.01
-0.0024
-0.0204
0.0094
-0.0022
-0.0058
0.0048
-0.0102
0.0136
-0.0104
-0.0008
0.003
-0.012
0.0008
-0.0172
0.0016
0.0096
0.004
0.0082
0.0018
0.006
0.0018
-0.0292
-0.0072
-0.0024
0.0096
0.0144
0.015
0.002
-0.01
-0.0044
0.007
-0.0014
0.006
-0.0108
-0.0154
-0.0056
0
0.0072
-0.0066
0.01
0.0022
0.002
0.0004
0.0084
0.0112
0.0162
-0.0056
0.0004
-0.0184
-0.0006
-0.0034
-0.0012
0.0182
-0.014
0.0056
0.0016
0.0146
0.0034
0.0166
0.007
-0.0026
-0.0066
-0.0058
0.009
-0.007
0.0112
0.001
0.0028
-0.0004
0.0012
-0.0004
0.0342
0.0044
-0.0006
0.0136
0.0204
-0.0028
-0.0072
0.0026
0.0228
-0.0036
-0.0154
0.008
-0.0204
-0.0054
0.0016
-0.0152
-0.0032
0.0048
-0.0002
-0.0138
0.0104
-0.0272
-0.023
0.001
-0.0016
-0.0004
-0.002
-0.0022
-0.0064
0.0096
0.0014
-0.005
0.0066
0.008
0.01
0.0036
-0.0086
0.0158
0.0058
0.012
0.0146
-0.0138
-0.0022
-0.0052
0.0034
0.027
0.0188
-0.0038
0
0.0084
0.0104
-0.012
-0.0152
-0.003
-0.0012
0.0022
0.01
-0.0006
-0.0026
-0.0092
0.009
-0.0016
-0.006
-0.0114
-0.0072
0.0066
0.0176
0.0104
0.0028
-0.0186
-0.0004
0.0048
-0.0158
-0.0002
0.0072
-0.0176
-0.0024
-0.0272
-0.0168
-0.006
0.0046
0.002
-0.0074
0.001
-0.0102
0.0076
-0.0024
-0.0144
0.0108
0.0016
-0.0112
-0.0136
-0.0046
0.006
-0.0008
-0.0008
-0.0066
0.005
-0.0068
0.0074
-0.0054
-0.0024
-0.0124
-0.004
-0.0014
-0.0046
-0.0154
0.0096
-0.013
0.0038
-0.0108
-0.01
0.0116
0.0022
-0.0126
0.007
-0.0042
0.0106
0.0044
0.0044
-0.0018
-0.0002
0.015
0.0182
-0.0046
-0.0092
-0.0006
0.0082
0.0022
0.0124
-0.0022
-0.0082
0.0094
-0.0056
-0.0166
-0.0006
-0.0042
-0.0046
-0.0098
-0.0146
-0.0118
-0.0164
-0.0034
-0.0066
-0.0312
0.005
-0.0206
0.0168
0.0066
-0.001
-0.0052
0.0164
-0.0112
-0.0142
-0.019
0.0074
-0.0026
0.0036
-0.0028
-0.0028
-0.0106
-0.0084
-0.0086
-0.0138
-0.0096
-0.0272
-0.0048
-0.0174
-0.005
-0.0048
0.0028
-0.0032
0
0.0144
0.004
0.0068
-0.0108
-0.013
0.0164
0.0044
0.0162
0.0088
0.0016
0
0.0124
-0.002
0.0114
-0.0072
0.0062
0.0112
0.024
0.0228
0.0178
0.0156
0.0026
0.0068
0.0056
0.0164
0.0152
0.0206
0.013
-0.0004
-0.0008
-0.001
-0.0032
0.0086
0.0018
0.0122
0.0064
-0.0132
-0.0348
-0.0192
-0.001
0.0148
-0.0076
-0.0026
-0.0138
0.0106
-0.0066
0.0076
0.0026
0.0006
0.0072
0.002
0.0104
0.0132
-0.005
-0.014
-0.007
-0.0092
0.0032
0.0134
0.0102
-0.0094
-0.0064
0.0034
0.0048
0.0186
0.0196
0.0006
-0.0008
-0.0156
-0.01
0.0022
0.0202
-0.0034
0.0052
-0.0148
-0.005
-0.0128
-0.0114
0.0032
0.0118
-0.0064
0.0008
-0.0112
0.0022
-0.0046
0.009
-0.003
0.0052
-0.007
-0.007
-0.0108
-0.0038
-0.0062
-0.0054
0.0028
0.0108
0.012
0.011
-0.0182
-0.0038
0.0052
0.0172
-0.009
-0.016
0
-0.0102
-0.0008
-0.0054
-0.0184
-0.0134
-0.0052
0.011
-0.0088
-0.0056
-0.0132
-0.002
-0.0024
-0.0022
-0.0168
-0.0238
-0.0022
-0.0042
0.005
0.003
0.002
-0.002
0.0094
0.0094
0.0078
0.0226
0.0046
0.008
-0.0032
-0.0024
0.0082
0.0064
-0.0018
0.0244
0.006
0.001
0.008
0.001
0.0038
0.0104
-0.005
-0.0126
0.0002
0.0086
-0.0048
0.0054
0.006
-0.0016
-0.0032
-0.0012
-0.01
-0.0036
-0.004
0.0112
-0.0026
0.0176
0.0058
-0.0058
-0.0086
-0.0022
-0.0048
0.002
0.0036
-0.0064
0.0028
-0.0018
-0.0064
0.022
0.0134
0.0088
-0.006
0.0094
0.0116
-0.0036
0.0054
0.0088
0.0124
-0.0078
0.0062
0.007
-0.0026
-0.0024
0.0154
0.0118
0.0054
-0.0024
0.0124
0.0244
0.0002
0.0004
-0.0048
-0.0072
-0.009
0.0076
-0.0152
0.0154
0.0092
-0.0072
-0.0106
-0.01
0.0092
0.006
0.0084
0.0062
-0.016
-0.0024
0.0144
0.0112
0.0044
0.0004
0.0018
0.0038
-0.0088
0.0102
-0.0044
-0.0086
-0.0128
0.002
-0.0032
-0.01
-0.0172
-0.011
-0.003
-0.0198
-0.007
0.0032
0.004
-0.0236
-0.0006
-0.0108
0.0034
-0.0222
-0.0146
-0.001
-0.021
0.0032
-0.0122
0.008
-0.0002
0.0136
-0.0106
0.0064
-0.0002
0.0038
-0.0032
-0.0026
0.0246
0.0184
0.0146
0.0016
0.0082
0.0254
0.0044
0.0034
-0.0122
0.0186
-0.0036
0.0196
0.0026
0.016
0.0004
0.003
-0.0058
-0.018
-0.0012
-0.0048
0.0084
-0.0132
-0.0008
-0.0094
-0.0036
0.0036
-0.0092
-0.0072
0.0062
-0.001
-0.0006
0.0014
0.0264
0.0098
0.007
-0.017
-0.001
-0.0088
0.0114
0.0176
-0.0162
-0.0034
0.0154
-0.0172
0.0042
0.0258
0.014
0.0082
0.017
0.0074
-0.0058
0.004
0.0192
0.0074
0.002
0.0084
0.0074
-0.008
0.0114
-0.0062
0.0138
0.0084
-0.0094
-0.0208
0.0006
0.013
0.0072
-0.011
-0.0052
0.0114
-0.003
-0.0046
0.004
0.0322
0.0112
-0.0052
0.0102
0.001
-0.0076
-0.0108
-0.0068
0.0202
-0.0048
0.0024
0.0054
0.006
-0.0018
0.0118
-0.0098
-0.014
-0.0172
0.0044
0.0234
0.0132
0.0036
0.0154
-0.0238
-0.0036
-0.0096
0.0058
0.0032
-0.0032
-0.0008
0.011
-0.0072
0.0108
-0.0096
-0.0136
-0.0002
-0.0026
0.0032
-0.008
-0.0038
0.0078
0.0084
0.0204
0.0126
0.0044
-0.0042
-0.013
0.0014
0.0028
-0.009
0.0098
0.005
0.0156
0.0124
-0.0016
-0.0126
0.0066
-0.0026
-0.0038
-0.0086
0.0024
0.0074
0.005
-0.0048
-0.0178
-0.0086
-0.0082
-0.0036
0.0208
-0.0016
-0.0082
-0.0048
0.0064
0.0066
-0.0088
0.0088
0.0142
0.0104
-0.0066
0.009
0.0018
0.0076
0.0052
0.0006
-0.0098
-0.0076
-0.006
0.0054
-0.0048
0.011
0.0026
0.0098
0.0036
0.005
-0.0004
-0.0134
0.0116
0.0066
-0.002
-0.0042
0.001
0.0014
0.001
-0.012
0.002
0.0054
0.0242
0.0064
-0.0098
0.0016
0.0098
0.003
-0.0012
0.0182
0.0002
0.0156
0.014
-0.001
0.0034
0.0018
0.0018
0.0082
-0.0008
0.0048
0.003
-0.0058
-0.0052
-0.0044
0.0032
-0.0028
0.0152
0.0064
0.0106
-0.0072
-0.003
-0.0014
0.007
-0.015
0.0144
0.0084
0.0064
-0.0014
0.0012
0.005
-0.0048
-0.015
0.0098
0.0018
-0.0134
-0.001
0.0022
0.0042
0.008
0.0026
-0.0116
-0.0032
0.0058
0.0028
-0.0068
-0.017
0.0018
0.0122
-0.0074
-0.0112
-0.0002
0.0176
-0.0104
-0.0044
-0.0036
0.025
0.01
-0.011
-0.0028
0.0026
0.0004
0.0036
0.0008
0.006
-0.0022
0.0112
-0.0018
0.0156
-0.0054
-0.0124
-0.0096
0.015
-0.0066
-0.0012
-0.0106
-0.0128
0.0038
-0.0044
-0.0024
-0.0074
-0.0084
-0.0014
0.0006
0.0156
0.0172
-0.0062
-0.0212
-0.0086
-0.002
0.0058
-0.0058
0.0066
0.0068
-0.0152
-0.001
-0.0092
0.0038
-0.0036
-0.0206
-0.003
0.007
-0.0018
-0.0114
0.013
0.0082
0.0142
0.0154
-0.0022
-0.0006
-0.0156
0.0088
0.025
-0.0016
-0.0164
-0.013
-0.0068
0.009
0.0042
0.0036
0.004
0.013
-0.0028
0.0066
-0.0116
-0.0038
-0.0172
-0.0092
0.0004
0.0036
-0.0134
0.0036
-0.0044
-0.0078
0.0088
0.0036
0.0128
0.0126
-0.0014
-0.0082
0.0004
-0.0088
0.0116
0.0032
0.0078
-0.0016
-0.0024
0.0104
0.0096
0.0184
0.0098
0.017
-0.0164
-0.0076
0.003
-0.0072
-0.0116
0.0122
-0.011
0.0042
0.0016
-0.0072
-0.0116
-0.0024
-0.0232
0.0154
0.0044
0.0034
-0.006
0.0052
-0.0066
0.011
0.0124
0.002
-0.0152
-0.0068
0.0182
-0.0094
-0.0022
-0.0064
0.0148
-0.0182
-0.0018
-0.018
-0.0114
-0.0048
0.0122
0.001
-0.0022
0.0058
-0.0012
-0.0032
-0.0026
-0.0108
-0.0006
0.0028
0.0102
-0.0002
-0.0006
0.0096
0.018
0.0068
0.01
-0.0004
-0.0154
0.012
-0.0014
0.0232
0.0164
-0.0128
-0.0046
0.0374
-0.0024
-0.0016
0.0026
-0.0032
-0.0054
0.009
0.0032
-0.009
-0.0116
-0.0008
0.0068
-0.0004
-0.0164
-0.0088
0.002
-0.0046
-0.006
0.0118
0.006
-0.0044
-0.013
-0.0074
0.022
-0.014
-0.0086
0.0018
0.0026
0.006
0.0044
0.0034
-0.0072
-0.004
-0.0054
0.0042
0.0062
0.0112
0.014
-0.0036
0.0006
-0.0114
0.0008
-0.0052
-0.0072
-0.0012
-0.0122
0.019
-0.0112
-0.011
0.0058
-0.0002
0.002
0.0002
0.0116
0.0068
-0.0014
0.014
-0.0056
-0.0078
-0.013
-0.0092
-0.011
0.002
0.0038
0.0042
0.004
-0.0128
-0.0054
0.0108
-0.0052
0.005
0.0148
-0.0166
-0.0094
0.01
-0.0178
0.0064
0.0004
-0.0268
0.001
0.0202
0.0096
0.0018
-0.006
0.006
-0.0242
-0.0064
-0.0078
0.012
-0.0018
0.0078
0.0102
-0.0018
-0.0136
0.0144
-0.0152
-0.002
0.0006
-0.003
0.0012
0.0036
0.008
0.0204
0.014
0.018
-0.0182
-0.0162
0.0016
0.0154
0.0108
0.008
-0.0004
-0.0058
0.0014
-0.0046
0.0084
0.0018
0.0014
0.0124
-0.0068
-0.008
0.0206
0.0126
-0.0042
0.0036
-0.0102
-0.0094
-0.0008
-0.0034
0.0102
0.0238
0.0022
0.0052
-0.001
0.0066
0.0106
-0.012
0.0034
-0.0084
-0.0014
-0.0078
-0.0232
0.0168
-0.0062
0.001
-0.002
-0.0156
0.0128
-0.018
-0.0096
0.0006
0.0094
-0.0078
-0.0044
-0.0038
-0.0058
0.0036
-0.0004
0.0014
-0.004
0.0156
0.0088
0.0038
-0.0106
0.0028
-0.0022
0.008
-0.0002
0.0002
0.0132
0.0126
-0.014
0.0004
-0.0002
-0.0012
0.009
0.0004
0.0092
-0.007
-0.0128
0.0066
0.012
-0.0064
-0.0096
-0.0072
-0.0026
0.0046
-0.0122
-0.0034
0.0018
0.005
-0.005
-0.0162
-0.0078
-0.0046
0.0108
-0.0058
-0.0014
-0.0038
-0.0168
0.0096
0.0184
0.0032
0.0134
-0.0242
-0.0018
0.004
-0.0048
-0.007
-0.0112
-0.0108
-0.0098
-0.0032
-0.0114
0.0168
-0.003
0.019
0.0002
-0.001
-0.0094
-0.0086
0.0088
0.0048
0.0006
-0.0142
0.0028
-0.004
0.0032
-0.0082
0.0216
0.0008
0.0262
0.013
0.0018
-0.008
-0.001
0.0092
0.0154
-0.0178
-0.0012
0.0102
0.0112
0.0002
0.009
0.001
-0.0042
0.0014
-0.0166
-0.0242
-0.0046
0.014
0.0018
-0.023
-0.0106
-0.0102
-0.0082
0.0166
0.0004
-0.0088
0.0098
-0.009
0.018
0.0088
-0.0016
0.011
-0.0066
-0.0134
0.015
-0.0068
0.014
-0.0066
0.0204
-0.0006
0.014
0.0066
-0.0076
-0.0028
-0.002
-0.0184
0.0076
0.014
0.0084
-0.0002
-0.0152
-0.0102
0.0092
0.0074
0.017
0.0068
0.0026
0.001
-0.0072
0.0036
-0.008
-0.0034
0.0092
0.011
0.003
-0.006
0.0036
0.0064
0.0122
0.0038
-0.0008
-0.0096
0.0012
-0.0036
-0.0044
0.0028
0.002
-0.0112
0.0078
-0.0006
-0.0002
0.006
0.0044
-0.0016
0.0064
0.0138
-0.015
0.0026
-0.0052
0.003
-0.002
-0.0036
0.0032
0.0058
-0.0038
0.007
-0.0038
-0.008
0.0086
-0.0002
0.0126
0.004
-0.0052
0.0098
-0.017
-0.0136
-0.0094
-0.003
-0.0126
0.0026
0.0172
0.0004
-0.003
0.0078
-0.0212
-0.0262
0.0116
0.0046
-0.007
-0.0032
-0.0026
0.0056
-0.008
0.0056
0.0128
0.0056
0.012
0.0002
0.0046
-0.006
-0.0044
0.0042
0.0118
0.0028
0.0022
0.0158
0.015
-0.001
-0.004
-0.0156
-0.0102
-0.0006
-0.0002
0.0016
-0.0054
0.0112
0.0118
-0.0062
-0.0068
-0.0012
0.0044
-0.0036
-0.0032
-0.012
-0.0056
0.0046
0.0126
-0.0094
0.0086
0.0132
0.0058
0.0132
0.0098
-0.009
0.0052
0.0168
-0.0108
-0.0072
-0.0266
-0.0074
0.0202
0.011
-0.0018
0.0016
-0.0052
-0.0036
0.0068
0.0152
0.0134
-0.0022
0.0002
0.0138
-0.0156
-0.017
-0.0042
-0.019
0.0034
-0.0278
-0.0008
-0.0022
0.0052
0.007
0.0082
0.0028
-0.0002
0.0056
-0.0006
-0.001
-0.003
-0.0068
-0.0044
-0.0092
0.0028
0.0142
0.0208
0.0012
-0.0002
-0.0008
-0.0012
-0.0174
0.008
0.0118
-0.0008
-0.0046
-0.0072
0.004
-0.0008
-0.0138
-0.0048
-0.011
-0.0042
0.0058
-0.009
-0.0088
-0.0056
-0.0028
-0.0068
0.009
0.001
-0.0026
-0.002
0.0134
-0.002
-0.0062
-0.0044
0.0136
0.0116
-0.0026
-0.011
0.0076
0.0014
-0.0008
0.007
0.0064
-0.0006
-0.0148
-0.0038
0.0122
-0.0146
0.0094
-0.0038
-0.0062
-0.0004
0.0062
0.0058
-0.0016
0.0094
-0.0122
-0.0002
0.0072
0.009
-0.0058
-0.0076
0.0094
0.004
0.004
-0.004
0.0008
-0.0066
-0.004
0.004
0.0104
0.004
0.0028
-0.005
-0.0072
0.0174
-0.0018
0.0044
-0.0088
-0.0136
0.0004
-0.0098
0.0106
0.0014
0.001
0.0052
0.0058
-0.0004
-0.0004
-0.0146
-0.006
-0.0008
0.0108
-0.0134
-0.0168
0.0082
0.0064
-0.0082
-0.0068
-0.0018
0.0046
-0.0038
0.0054
-0.0056
0.011
0.0008
-0.0068
0.0212
0.0048
0.0126
0.0124
0.0016
-0.0036
0.002
0.0126
-0.0102
-0.0038
-0.001
-0.0156
-0.007
-0.0048
-0.0118
-0.008
-0.0134
-0.0104
0.0036
-0.0068
-0.011
0.0038
-0.0004
0.0134
-0.0018
-0.0064
-0.0046
-0.0028
0.0124
0.0074
0.0066
0
0.008
-0.023
0
-0.0002
-0.0092
0.0014
-0.0014
0.0112
0.001
-0.0158
-0.0006
0.0018
0.0132
0.0152
-0.0132
-0.0056
-0.0114
-0.0226
-0.0122
0.0078
-0.0098
0.0028
-0.0018
-0.0162
0.0014
-0.0022
0.0048
0.0162
0.0144
0.0124
0.0026
0.009
-0.008
-0.0176
-0.0104
-0.0066
-0.0042
-0.0152
-0.0106
0.0148
-0.0002
0.001
-0.0256
-0.0162
0.0074
-0.004
-0.0004
0
-0.0178
-0.0156
0.0072
0.0152
0.0112
0
0.0008
-0.0214
-0.0036
0.0044
-0.0054
0.016
-0.003
0.0102
0.0004
-0.0038
-0.0184
0.009
0.0034
0.0076
0.0142
-0.0036
0.0138
0.0028
0.0108
-0.0062
0.0198
0.0154
-0.0036
-0.0068
-0.0006
-0.0086
0.0004
0.0066
-0.0004
-0.007
-0.0028
-0.0042
-0.016
-0.0006
-0.0016
0.005
0.0048
-0.002
-0.002
0.0022
-0.012
-0.0098
-0.0064
-0.0072
-0.0026
-0.0194
-0.0192
-0.0162
-0.0078
-0.0068
-0.0032
0.0024
0.0144
0.0024
0.0062
0.0196
0.0004
-0.0084
0.004
-0.017
0.0144
-0.0046
0.0076
0.003
-0.0032
0.0088
0.0164
-0.0062
-0.0086
-0.012
0.0038
-0.007
0.005
0.0032
-0.0074
0.0062
0.0134
0.008
0.0088
0.009
0.005
0.0166
-0.0076
-0.0082
-0.0122
-0.0024
-0.0026
0.0054
0.0004
0.0026
0.0084
0.0242
0.0046
0.0214
0.0172
0.0278
0.0198
0.0084
0.0068
-0.0106
-0.0072
-0.0006
0.0072
0.0236
-0.0082
0.0058
0.0204
0.0072
0.0072
-0.0112
-0.013
-0.0002
0.0044
0.0032
0.0038
-0.002
-0.016
-0.0132
-0.008
-0.014
-0.005
-0.0142
0.0136
-0.0032
0.0138
0.0152
0.0102
-0.0044
0.0052
0.0268
-0.011
-0.0074
0.0026
0.0036
0.011
0.013
0.0112
-0.0004
-0.002
-0.0006
-0.0128
-0.0098
0.001
-0.0152
-0.0158
0.0072
-0.0006
-0.001
0.0066
-0.0236
0.006
-0.0102
0.0196
-0.003
0.0038
0.0072
0.0034
0.003
0.0002
0.0032
-0.0146
-0.0038
-0.0012
0.0036
-0.0072
-0.0054
0.0014
0.009
0.0106
0.0086
0.0098
0.0092
0.011
-0.0094
-0.0206
-0.0094
0.0132
0.0032
0.001
0.0088
-0.0038
-0.0014
0.0046
-0.0012
-0.0132
-0.0104
-0.0122
0.0032
0.0128
0.0174
0.01
0.0046
0.006
0.0004
-0.018
-0.0116
0.013
-0.0016
0.0236
-0.0112
0.0064
0.0016
0.009
0.024
-0.002
0.003
0.0048
0.0002
-0.0142
-0.004
0.0042
0.0082
-0.0012
0.0004
-0.0032
0.005
-0.0196
0.0034
0.0032
0.009
-0.0102
-0.013
-0.0132
-0.0222
-0.0122
-0.0042
0.011
-0.0018
-0.0164
0.0012
-0.0136
-0.0248
-0.0276
-0.0062
0
0.0026
0.0132
0.0136
-0.0022
0.0082
0.0052
0.001
0.0146
0.0092
-0.0056
0.0004
0.0012
-0.005
0.0016
-0.021
0.0014
-0.0002
-0.005
-0.017
0.0014
0.0024
0.0098
-0.0086
-0.0108
-0.0004
0.0046
0.009
-0.0104
-0.0132
0.0068
-0.0072
-0.0022
0.0082
-0.0064
-0.0192
-0.0016
0.0166
0.0054
-0.0042
-0.0068
-0.0008
-0.0118
-0.0086
0.0146
-0.001
-0.01
0.0022
0.0124
-0.0112
-0.0014
-0.0112
-0.0106
-0.0048
0.023
0.0124
0.0014
-0.0052
-0.0042
-0.0042
-0.012
0.0066
-0.0124
0.009
0.0012
0.001
-0.0022
-0.015
0.0024
0.008
0.0056
0.0134
-0.0014
-0.001
0.001
-0.0014
0.0024
-0.016
0.0198
0.002
0.0102
0.009
0
0.0096
-0.0008
-0.0078
-0.0146
0.009
-0.0076
0.0172
0.0008
0.0002
-0.009
-0.0228
0.0034
0.0052
-0.0098
-0.0064
-0.0002
0.0054
0.0162
-0.0068
-0.003
-0.0072
-0.0014
-0.0166
-0.0014
-0.0118
0.0046
0.0086
0.0142
0.0058
0.004
-0.0022
0.0132
0.0054
-0.0148
0.0202
0.0078
-0.0094
0.0072
0.021
0.0122
-0.005
0.0092
0.0012
-0.0092
-0.0024
-0.0328
-0.0096
0.0046
-0.0054
0.0004
0.0002
0.0008
-0.0146
0.0056
0.0138
0.0162
-0.0026
0.007
-0.0028
0.0008
0.0016
0.0006
0.0098
0.0034
0.0182
0.0092
0.0074
-0.0026
-0.01
0.0082
0.0084
-0.0064
-0.0006
0.0204
-0.0316
-0.004
0.0026
-0.018
-0.0132
-0.0222
-0.0094
0.0102
0.0042
-0.0156
-0.0052
-0.0074
-0.0066
-0.0134
0.0002
0
0.0066
0.0004
-0.0112
0.0034
0.0034
-0.0032
0.018
0.0028
0.0154
-0.0052
0.0136
0.013
0.001
-0.0132
-0.0118
-0.0008
0.0108
-0.0096
-0.0064
0.0092
-0.0022
-0.0006
0.004
-0.0206
0.0096
0.0118
-0.002
0.0018
0.0118
0.0016
-0.0092
0.0186
-0.001
-0.0044
-0.0004
0.0022
0.0098
0.0016
-0.0058
-0.0012
0.011
0.0004
-0.0118
0.015
-0.0006
0.02
0.005
-0.0036
-0.0004
-0.0018
-0.0076
0.005
0.001
0.0058
0.0048
0.002
0.0082
0.0014
0.0052
-0.0118
-0.012
0.0074
0.0102
0.0068
0.0074
-0.009
-0.0084
-0.0142
0.0144
0.0202
-0.0014
-0.0014
-0.0032
0.0002
0.0068
-0.0036
0.0056
0.0014
0.012
-0.0018
0.029
0.0038
0.0194
0.0124
0.0002
-0.0136
-0.0078
0.0082
-0.0134
0.0192
0.0008
-0.002
0.0048
0.0104
-0.0044
0.001
-0.0018
-0.0096
-0.0022
0.001
0.0106
-0.0112
0.0024
-0.0032
-0.0076
0.0168
-0.0176
-0.003
-0.0076
-0.0204
-0.0182
0.0054
0.0098
-0.011
-0.0054
-0.0064
0.0044
0.0028
0.0078
-0.0102
-0.005
0.0064
-0.002
0
-0.006
-0.008
0.0026
0.014
0.0072
0.0044
0.0006
-0.0116
0.0106
0.0094
0.0094
-0.01
-0.0018
0.0052
0.0018
-0.0084
-0.002
0.01
0.0056
-0.0012
0.0022
-0.005
-0.0074
-0.0056
0.0074
-0.0068
-0.0036
0.0186
-0.0104
0.0132
0.0046
-0.0274
-0.0126
0.0084
-0.001
0.0126
0.0042
-0.005
-0.0022
-0.0112
0.0056
0.0068
-0.0072
-0.0074
-0.0014
0.001
-0.0062
0.0072
-0.0018
-0.003
-0.0084
-0.0166
0.0222
-0.0034
-0.003
0.0008
-0.0144
-0.0196
-0.011
0.0226
-0.003
-0.001
0.0198
-0.006
-0.0054
0
0.0022
0.0122
-0.0268
-0.008
-0.002
-0.0032
0.016
-0.0156
-0.0006
-0.0024
-0.008
0.0164
0.006
-0.012
0.0048
-0.0056
0.0042
-0.0154
-0.0102
-0.0014
-0.014
0.0092
0.0118
-0.005
-0.0166
-0.0168
-0.0008
-0.0026
0.003
0.0124
0.005
-0.0004
0.005
0.0168
0
0.003
0.0094
0.0132
0.0092
0.0248
0.014
0.0152
-0.0108
-0.0028
-0.0044
0.0036
0.0012
-0.0042
0.0214
0.0166
0.0102
-0.0042
0.0098
0.0166
0.0058
0.0076
0.0092
0.007
-0.0042
-0.011
0.013
0.0068
0.0212
0.0148
-0.0096
0.0054
0.0112
0.008
0.0068
0.0032
0.0022
-0.0058
0.0068
0.006
-0.0122
-0.0202
0.0144
0.0022
0.0128
-0.002
0.02
0.0188
0.0124
-0.0004
-0.0122
-0.002
0.0154
0.0028
0.0076
-0.0096
0.003
-0.0028
0.0058
-0.0238
-0.021
-0.0028
0.0066
0.0004
0.015
0.0032
0.0062
-0.014
0
0.0052
-0.0022
-0.002
0.001
-0.0064
0.0012
0.0054
-0.006
-0.0106
-0.0236
0.0178
-0.0066
0.0016
0.0066
-0.0028
-0.0118
-0.0096
-0.014
-0.0094
0.0016
0.003
-0.0058
-0.0146
0.0032
-0.0026
0.0208
-0.0058
-0.0044
-0.0062
-0.0042
0.0068
-0.0108
-0.0052
-0.0096
-0.0036
-0.0028
0.0048
0.003
-0.0016
0.0236
-0.002
0.0108
-0.0076
-0.008
-0.0126
0.0006
0.0042
0.005
0.0122
-0.0042
-0.0032
-0.0062
-0.0112
0.0022
-0.0004
0.0078
-0.0222
-0.0046
0.0106
0.0012
-0.0134
-0.0074
-0.0136
-0.0046
0.0096
-0.0234
0.007
-0.0144
-0.0172
0.0086
0.0002
-0.006
0.013
0.0078
-0.0186
-0.0164
-0.0248
-0.0028
0.0058
-0.0088
-0.0024
0.0102
-0.0026
-0.0138
-0.005
0.0058
0.0024
0.0142
-0.0004
-0.0064
-0.0206
-0.0154
0.0026
0.007
0.001
-0.0034
0.008
0.013
0.0274
0.034
-0.0268
0.001
0.018
-0.0078
-0.007
-0.0126
0.001
0.0068
0.01
-0.005
0.0088
-0.0036
0.0194
-0.0052
0.0048
0.0012
0.0012
0.0056
-0.0132
0.0054
0.0176
0.0122
0.0064
0.0092
0.0014
-0.0112
-0.0002
-0.0028
-0.0128
0.0016
-0.0108
0.0152
-0.0078
0.002
0.0024
0.0096
0.0102
-0.0034
-0.0162
0.0128
0.0076
-0.0052
0.001
0.0044
-0.0116
-0.0026
0.0074
0.0002
0.0106
0.0078
0.0102
0.0044
0.0042
0.017
-0.0062
-0.0118
-0.0128
0.005
-0.002
-0.0132
-0.0128
0.0022
-0.0038
0.0132
0.0058
-0.013
-0.0138
-0.0004
0.0032
0.0118
0.0066
-0.0018
-0.0132
-0.0072
0.0024
-0.012
-0.001
-0.005
-0.002
-0.0276
-0.0038
0.0088
-0.0116
-0.0044
-0.0044
0.0092
0.0066
-0.0036
-0.0084
0.0138
0.005
0.0094
-0.0038
0.0092
-0.002
-0.0002
-0.0214
0.0024
-0.0146
-0.004
0.0094
0.0092
-0.016
-0.012
0.0116
-0.0102
0.007
-0.0044
0.0032
-0.006
0.0026
0.0014
0.0208
-0.0112
-0.0282
-0.0098
0.0016
0.0096
-0.0026
0.0122
0.017
-0.013
0.017
0.0062
-0.0084
0.0016
0.0202
-0.001
0.0012
-0.0028
-0.0282
-0.0094
-0.0066
-0.0104
-0.0044
0.0114
-0.002
0.0034
-0.0062
0.0152
0.0018
0.0026
-0.01
0.0042
0.0014
-0.0038
0.0004
0.0054
-0.0068
0.0026
-0.0018
0.0148
0.021
-0.007
0.0182
-0.0124
-0.0034
-0.0056
0.0036
0.0044
-0.006
-0.0034
0.0174
0.0136
0.0114
-0.0096
-0.0088
-0.0028
-0.0046
0.0184
0.0014
-0.0012
-0.0096
-0.0078
0.007
0.006
0.0044
-0.0056
0.0024
0.0036
0.0126
0.0086
0.004
0.0076
0.0004
0.0018
-0.0018
0.006
-0.0014
0.0056
-0.0014
0.0064
0.0094
0.003
-0.0042
-0.0104
0.0044
-0.0024
0.001
-0.0066
0.0042
-0.003
-0.008
-0.0146
0.0004
0.0106
-0.001
0.0004
-0.0062
0.0032
0.0182
0.0118
-0.008
0.0026
-0.0072
-0.0022
0.0132
0.0162
0.0162
-0.0106
0.0058
0.0094
-0.0012
0.0088
-0.0002
-0.0104
-0.005
-0.0008
0.0028
-0.0018
0.022
0.0026
-0.0006
0.0192
0.0004
0.0212
0.0074
0.0066
0.0086
0.01
-0.0126
-0.0026
0.0044
-0.0182
-0.0164
0.0164
0.0272
0.0006
0.0176
0.0124
-0.0054
0.008
0.0156
0.0042
0.0134
0.012
0.0162
0.001
-0.0088
-0.0026
-0.0016
-0.0034
-0.0116
0.0092
0.0038
-0.0054
-0.008
-0.0034
-0.0162
0.007
0.0116
0.0054
-0.004
-0.0158
-0.011
0.007
0.0086
0.0026
0.0032
0.004
0.0044
-0.002
0.0008
0.0022
-0.0008
0.0124
0.002
0.009
0.0038
-0.0004
0.004
0.0142
-0.0114
-0.0082
0.0044
0.001
0.007
0.0078
-0.0018
-0.0068
0.0038
-0.008
-0.025
-0.0214
-0.0074
-0.0004
-0.0014
0.0042
-0.0078
0.0238
0.0002
0.008
-0.0074
0.0064
-0.0116
0.009
0.0092
0.0002
0.0048
-0.01
-0.0056
0.0026
0.0086
-0.008
-0.0084
0.0012
-0.012
-0.0074
-0.0214
0.0068
-0.005
-0.0104
-0.0044
-0.007
0.0092
0.0056
-0.015
-0.0012
0.0134
-0.0034
-0.017
0.0124
-0.011
0.009
0.0014
-0.01
0.0024
-0.0152
0.0166
-0.004
0.0048
0.0134
0.0016
0.004
0.0146
0.0052
0.0032
0.004
0.003
0.0008
0.0036
-0.035
0.0024
0.0034
0.009
0.009
-0.0002
0.0064
-0.0126
-0.0104
0.0094
0.0014
0.0064
0.0048
-0.0134
0.0034
-0.0166
-0.0118
-0.0068
-0.0142
0.0012
0.0028
0.0026
0.0046
-0.0012
-0.0166
0.0032
0.0054
0.012
-0.0096
0.0076
0.0122
0.0106
-0.0038
0.0216
-0.006
0.0048
-0.0014
0.0004
0.0038
0.01
0.0124
0.0054
0.0006
-0.0052
-0.0256
-0.01
0.0088
-0.0002
-0.0006
-0.0118
-0.0038
0.0002
-0.008
-0.0268
0.0088
-0.0066
-0.0078
0.0018
-0.0022
0.0008
0.0012
0.011
-0.0022
0.0122
0.004
0.006
-0.0058
-0.0026
-0.006
0.0002
-0.0106
0
0.0044
-0.0044
0.0062
0.013
0.0094
-0.0018
-0.0052
0.0082
0.0006
-0.0142
-0.0054
-0.0024
-0.0042
0.0186
0.0086
-0.003
-0.012
-0.0046
-0.0076
-0.008
0.0032
0.007
-0.0016
0.0002
-0.0214
0.01
0.0118
0.0024
-0.007
-0.0024
0.0058
-0.0128
-0.0016
-0.026
-0.0202
-0.022
-0.0072
-0.0204
0.027
0.0032
-0.0092
0.0154
-0.0284
-0.0002
-0.0028
-0.0086
0.0084
0.0174
0.012
-0.0214
-0.0106
-0.013
-0.0084
0.0066
0.005
0.0012
0.0106
0.008
-0.0048
0.013
0.0208
0.0146
-0.0068
0.0072
0.0064
-0.018
0.0068
-0.0136
-0.0012
0.014
-0.0078
0.0078
-0.0082
0.0012
0.0024
0.0002
0.0074
-0.0046
-0.0154
0.0044
-0.0082
-0.0098
0.0124
0.0052
-0.0132
0.0024
0.011
0.0032
-0.0016
-0.0052
0.012
-0.0008
0.0066
0.0228
0.005
0.003
-0.0018
-0.018
0.0052
0.0096
0.0172
0.0106
0.006
0.0058
0.0022
0.0036
-0.0184
0.0096
0
-0.003
-0.0022
0.0036
0.0144
-0.0072
-0.0024
0.0012
0.0188
0.0008
-0.0024
-0.002
0.0064
0.016
0.0096
0.0154
-0.0192
0.0234
-0.0082
0.0078
0.0044
0.006
0.0054
-0.0148
-0.0116
0
-0.0022
-0.0066
-0.0128
-0.0126
-0.0188
0.0078
-0.0016
0.0116
0.0168
-0.0028
0.0034
-0.0068
-0.0064
-0.0038
-0.0062
0.0066
0.0028
0.0056
-0.0026
0.0078
0.0012
0.011
0.0006
0.0064
0.0042
0.0152
-0.008
0.0002
0.0186
-0.0076
0.0088
-0.0076
-0.0032
0.0034
-0.0012
-0.0098
-0.0152
-0.0124
-0.0054
-0.003
0.0128
0.01
-0.0042
0.0062
0.0134
0.0058
0.009
0.0004
-0.0014
0.012
0.0114
-0.0164
-0.0118
-0.0138
-0.004
-0.0062
-0.0038
0.0098
0.004
0.0042
-0.0078
0.0004
0.0106
-0.0034
-0.017
-0.0172
-0.0258
-0.029
0.0024
-0.0008
-0.003
-0.0098
0.0082
-0.0226
0.0042
-0.0082
-0.0014
-0.0114
0.0026
-0.0064
0.0128
-0.0064
0.001
-0.0112
-0.0184
0.0156
0.0094
-0.0086
0.0118
0.0102
0.0082
-0.0116
-0.0118
-0.0128
-0.014
0.0078
-0.0068
-0.0002
0.0048
0.0122
-0.011
0.0008
-0.0166
0.007
-0.0004
-0.0024
0.002
0.0052
0.0002
0.0046
0.0042
0.012
-0.0028
-0.0058
-0.0116
0.008
0.004
0.0018
0.0022
-0.0036
0.0138
-0.011
0.0106
-0.0016
-0.0078
0.0052
-0.0064
0.0012
0.0192
-0.0234
-0.007
-0.0094
0.0042
0.009
0.0154
-0.0146
-0.016
0.0002
0.008
0.0044
-0.0046
0.0014
0.0006
0
0.0034
0.0074
0.001
0.0046
0.0038
-0.0126
-0.017
-0.0138
-0.012
-0.0036
-0.005
-0.0044
0.009
0.0086
0.0072
0.0138
0.017
-0.01
-0.0006
0.0038
-0.0012
-0.0064
-0.0208
-0.0092
-0.0014
0.0112
-0.004
-0.0026
-0.0072
-0.0008
0.0028
-0.002
0.0052
0.021
-0.0046
-0.0082
-0.0052
-0.0076
-0.0054
0.0082
-0.0142
-0.0028
0.0104
0.0156
-0.015
-0.0062
-0.0074
-0.0228
0.008
-0.0084
-0.0146
0.0036
0.0102
0.0124
-0.0054
0.021
0.0106
0.0146
0.0028
-0.0166
-0.0052
0.011
0.0042
-0.0084
-0.0034
-0.0246
-0.0192
-0.0002
0.0002
0.0158
0.0082
0.005
0.0024
-0.0024
0.0114
0.0144
-0.0024
0.0116
0.0148
-0.0156
0.0046
0.0102
-0.0026
-0.0004
-0.0028
-0.0032
0.0068
0.016
-0.0236
-0.008
0.0014
0.0086
-0.0008
-0.0048
0.0142
-0.0092
0.0062
-0.003
0.0126
0.0104
-0.001
0.0042
0.0066
0.0108
0.0056
0.0064
-0.0022
-0.0046
-0.0004
-0.002
0.0064
-0.0058
0.0138
0.0168
-0.0002
-0.009
0.0026
-0.002
0.0012
-0.0002
-0.0192
-0.0072
0.0026
-0.0148
-0.005
-0.0078
0.022
0.0248
0.0252
0.0242
-0.002
0.0048
0.0074
-0.0232
-0.0018
0.004
-0.004
0.0152
-0.0032
-0.0114
0
0.012
-0.0006
0.0048
0.008
0.0228
0.0156
-0.0012
-0.0038
-0.0082
-0.0128
0.005
0.0018
0.002
0.009
-0.001
-0.0032
-0.0086
-0.0134
0.009
0.0148
-0.0058
0.005
-0.004
-0.0016
-0.0118
0.0108
-0.0086
-0.008
-0.0058
-0.007
-0.0012
0.004
-0.0156
0.001
-0.0038
0.0106
-0.0014
-0.017
0.0132
0.008
-0.0052
0.0034
-0.0022
-0.0114
0.0076
0.0112
0.0042
-0.0096
-0.0114
-0.0008
0.0018
-0.0096
0.005
-0.0126
-0.0056
-0.0018
-0.006
0.0138
0.0222
0.0042
0.0056
-0.0056
-0.01
0.0006
0.0016
0.0168
-0.0034
-0.0054
0.0132
0.0288
0.0068
-0.0136
0.0082
0.0114
0.0076
-0.0142
-0.0082
0.0156
-0.0058
-0.006
-0.0114
-0.0108
-0.0056
-0.0014
0.0006
0.019
0.0102
-0.006
0.0036
0.0034
-0.0032
-0.0174
0.003
-0.018
0.0024
-0.0082
0.0114
-0.003
-0.0122
-0.0016
0.0092
0.0006
-0.0002
0.003
-0.0032
0.0166
0.006
-0.006
-0.006
0
-0.0014
-0.0006
0.008
0.0024
0.0064
0.0222
0.0028
0.0086
0.005
-0.0068
0.0092
-0.0122
-0.0162
0.0028
-0.0104
0.0058
-0.0162
0.0016
-0.0116
-0.0022
0.0068
0.0006
0.0032
-0.0084
-0.0068
0.0098
-0.0046
0.004
0.0172
0.0036
0.008
-0.0046
-0.0024
0.026
0.001
-0.0024
-0.0006
0.0014
0.0016
0.0088
-0.0136
0.0062
-0.01
-0.0002
-0.0144
0.0282
0.0068
-0.0062
-0.0204
-0.0256
-0.007
0.0004
-0.0012
-0.0122
0.0076
0.0016
-0.0148
-0.0086
-0.001
-0.008
-0.0126
-0.0052
-0.0042
0.0006
-0.0162
-0.0166
0.0048
-0.0052
0.011
0.019
-0.013
-0.0162
0.0008
0.007
-0.0112
-0.016
-0.003
-0.007
-0.0126
-0.0018
-0.0132
-0.0036
-0.0022
-0.003
0.0218
-0.0014
-0.0058
0.0082
0.0132
0.002
-0.0086
-0.0028
0.0054
-0.003
0.0186
0.017
0.0008
0.0134
0.0202
0.0046
-0.0032
-0.0054
0.0144
0.0194
-0.0194
0.0108
0.0028
0.0092
0.0032
-0.009
0.0002
0.0076
-0.0056
0.0054
-0.0036
-0.0102
-0.01
0.0122
0.0132
0.0126
0.0052
-0.0108
-0.0054
0.0012
0.0026
-0.0076
-0.0108
-0.0036
-0.0004
-0.0096
-0.008
-0.0042
-0.016
0.0028
0.0062
-0.0036
-0.0222
0.011
0.001
-0.0152
-0.0084
0.0046
-0.0072
-0.0172
-0.004
-0.013
0.0148
-0.0026
-0.0028
-0.0006
0.003
-0.0086
-0.0144
-0.0102
-0.0136
-0.0064
-0.0074
-0.0046
-0.004
-0.0078
0.004
-0.0082
-0.0152
0.0036
-0.009
-0.0144
0.0002
0.0038
0.0086
-0.0012
-0.0026
-0.0002
0.0012
-0.0052
-0.0036
-0.0082
0.0106
-0.0122
-0.01
0.0004
-0.011
-0.0004
0.0026
0.0092
0.0036
-0.001
0.004
-0.0022
-0.013
-0.0004
-0.0092
-0.0054
0.0098
0.0144
0.0084
0.0178
-0.012
-0.0144
0.0062
-0.0276
-0.0086
-0.0016
-0.0114
-0.0008
-0.0042
0.0156
-0.0146
-0.0066
0.0014
0.0104
0.0066
0.0066
0.0044
-0.0122
-0.006
-0.0172
0.0028
-0.0032
0.0034
0.0068
0.0008
0.0242
-0.0056
0.0212
0.0088
0.0168
0.0066
-0.0084
0.0092
0.0182
0
-0.0068
0.0044
0.0136
-0.0118
-0.014
-0.0106
-0.0066
0.0088
0.001
-0.0008
0.0006
-0.0026
-0.0132
-0.014
-0.0026
-0.004
0.0128
-0.0158
-0.011
0.0024
0.0226
0.0114
0.0198
-0.0022
-0.007
-0.0208
0.0062
0.0106
0.0124
0.0046
-0.0138
-0.0138
-0.0114
-0.026
-0.001
0.0042
-0.004
0.001
0.003
-0.006
0.0018
-0.0046
0.0178
0.006
-0.0032
0.0108
0.0056
0.0036
0.0036
-0.0114
-0.003
0.0098
-0.0024
-0.0042
0.0028
0.0024
-0.0012
0.0078
-0.0134
0.0106
-0.0068
0.0096
0.0026
-0.0046
0.0122
0.0072
-0.0112
0.0072
0.016
-0.0088
-0.006
-0.0026
0.0054
-0.009
-0.007
-0.0098
0.0018
0.0102
0.0172
0.0074
-0.002
0.0088
-0.0186
0.0142
0.0022
-0.0184
-0.014
0.0038
-0.0096
0.0048
-0.0008
0.0028
0.0032
-0.0244
-0.0132
-0.0098
0.0024
-0.0102
0.012
0.0052
-0.0122
-0.0228
-0.0012
-0.0138
0.005
-0.0018
-0.0258
0.0038
0.0056
-0.0162
0.0054
-0.001
0.008
-0.0016
0.0076
0.0046
-0.003
-0.0022
0.0264
-0.0194
0.0058
-0.01
0.0028
-0.0108
-0.0048
-0.0064
0.0048
-0.0184
0.0034
0
-0.0058
0.0098
0.0048
-0.0128
-0.018
-0.003
0.0034
-0.0052
0.0024
0.003
0.001
-0.0108
0.0084
-0.0044
-0.011
0.0066
-0.007
0.0084
-0.0098
-0.0042
0.0044
0.0122
-0.005
-0.0074
0.0116
0.0022
0.0014
-0.0248
-0.008
0.0106
0.002
-0.0014
-0.0062
0.0072
0.0034
-0.004
0.0064
-0.0002
-0.0088
-0.0246
0.0146
0.0124
-0.0052
-0.0224
-0.008
-0.0058
-0.0228
-0.004
0.0026
0.002
0.001
0.0218
0.0112
-0.0006
0.004
-0.0006
-0.0024
-0.0036
0.0024
0.0124
0.0044
0.0056
0.0068
0.0068
-0.0088
-0.009
0.0026
-0.0174
0.014
0.0082
-0.0094
0.0164
-0.0082
-0.0156
0.0018
-0.0082
0.0036
-0.006
-0.0074
0.0088
0.0106
0.022
0.0084
0.003
-0.0082
0.0146
0.0154
0.0022
0.001
0.01
-0.0098
-0.0052
-0.0012
-0.0162
-0.0224
0.0032
0.0008
-0.0112
-0.0166
0.0012
0.0032
0.0056
-0.0036
0.0064
0
0.0026
0.0098
-0.0058
0.0058
0.0078
0.006
-0.001
-0.0094
0
-0.0014
0.0124
0.0156
-0.0058
0.0126
-0.0006
0.015
0.0006
0.004
0.0054
-0.0046
-0.0098
-0.0168
0.0084
-0.0054
-0.008
-0.0034
0.0076
0.0086
-0.0074
0.0064
0.009
-0.0158
0.007
0.0186
-0.007
0.0114
0.0032
-0.0012
-0.0026
0.0022
-0.0034
0.005
-0.003
-0.0064
0.0006
-0.0016
-0.0142
-0.0124
-0.0114
-0.0048
0.0116
0.0076
-0.0122
-0.031
-0.0122
0.0168
0.0058
0.0134
-0.003
-0.0048
-0.0042
-0.0024
-0.0132
-0.0166
-0.0046
-0.007
0.0088
-0.0038
0.0022
-0.0038
0.0044
0.0116
0.0142
-0.003
-0.005
0.0054
0.0046
-0.0024
-0.0022
-0.0174
-0.0032
0.0052
-0.0016
-0.0128
0.0062
0.0036
-0.001
-0.0128
-0.0076
0.0088
0.0144
0.0108
-0.0022
0.015
0.0124
-0.0034
0.007
-0.0146
-0.0026
0.01
-0.0032
0.0018
0.0056
0.011
-0.0126
0.001
-0.0094
-0.0058
-0.0138
0.011
-0.004
0.0004
0.0002
0
0.0082
-0.0118
-0.0086
0.024
0.0142
-0.0218
-0.02
-0.0026
0.0098
-0.0004
-0.0166
-0.0184
-0.005
0.0246
0.003
0.004
0.0138
0.0078
0.0196
0.0048
0.0166
-0.0102
0.0004
0.0046
0.0086
0.0074
-0.0078
-0.0058
-0.0028
-0.0042
-0.0076
0.0002
0.0224
-0.0014
0.0064
0.0102
0.007
0.0208
0.0168
0.0238
0.017
-0.0154
-0.0136
-0.0018
-0.021
-0.0148
-0.0146
-0.0012
0.0096
0.0072
0.0246
0.0012
-0.007
-0.0126
0.0142
0.0014
0.007
0.011
-0.0086
0.008
0.0052
-0.0096
-0.0058
-0.0108
-0.0144
-0.001
0.0076
0.009
-0.0134
-0.0098
-0.0026
-0.0118
0.0194
-0.0038
0.0032
-0.0042
-0.0018
0.0032
-0.0078
-0.0096
-0.0182
0.0382
0.004
0.013
0.0106
-0.01
-0.0112
-0.0034
-0.0012
0.0126
0.0034
0.0002
-0.011
-0.0058
-0.0164
0.0086
-0.019
0.0038
0.0106
-0.0086
-0.0092
-0.012
0.0076
-0.002
0.0012
0.0126
0.0142
0.015
0.0124
0.0002
-0.0128
-0.0042
0.005
0.0014
-0.023
0.0002
-0.0074
-0.0036
0.005
-0.0146
0.0282
0.006
0.0116
0.0122
-0.0032
-0.0118
0.01
0.0118
-0.005
-0.0026
0.0008
0.0122
-0.0144
0.004
0.0004
-0.0026
-0.0132
-0.0038
-0.025
-0.004
0.004
0.0144
-0.008
0.003
0.0126
0.0018
0.0018
0.0106
0.0048
-0.002
0.0012
0.012
0.0062
0.0126
-0.0084
-0.0028
-0.003
-0.0084
-0.0206
0.0142
-0.004
-0.0136
-0.0066
-0.0078
0.0064
0.0036
0.004
-0.0074
-0.0006
0.007
0.0042
-0.0056
-0.0092
-0.0102
0.0108
0.0102
-0.0066
-0.011
-0.0216
-0.0206
-0.007
0.0004
0.028
0.0122
-0.008
-0.006
0.0046
0.0038
0.0082
-0.0142
0.0044
0.0004
0.0306
0.021
0.0014
0.0098
0.024
0.0002
-0.0068
-0.0084
0.0008
0.0002
0.0166
-0.0048
0.0058
0.011
0.0072
0.0052
-0.028
-0.007
-0.0044
-0.0012
0.0172
0.0018
0.0004
-0.0174
0.0052
-0.003
-0.0044
0.0058
0.0064
-0.0008
0.0072
-0.0194
-0.0038
0.0084
-0.0212
0.005
0.012
0.0108
-0.0008
0.018
0.0094
-0.0056
-0.0046
-0.014
-0.0016
-0.0134
0.0174
0.0148
0.0024
0.0004
-0.018
0.0084
0.0026
0.0024
0.0044
-0.0144
-0.015
0.006
0.0052
0.0244
-0.0024
-0.0084
-0.0124
-0.006
0.01
0.0062
0.0142
-0.0172
0.0002
0.0066
-0.0014
0.0024
-0.0104
0.0016
-0.0052
-0.0014
0.0058
-0.0072
-0.0148
0.0078
0
0.0056
0.0112
-0.006
-0.0024
0.0134
0
0.012
-0.0166
-0.0044
-0.0086
-0.006
0.0052
0.0092
-0.016
0.009
-0.0124
-0.0224
-0.0206
-0.01
0.0056
0.004
-0.0018
-0.0018
0.0132
0.0176
-0.0114
-0.0126
0.0044
0.002
-0.006
-0.002
-0.0056
-0.0108
-0.0092
-0.0094
0.003
-0.0052
0.0068
0.007
0.0052
-0.0126
-0.016
-0.0088
0.0006
0.0056
-0.0058
-0.0036
-0.0074
-0.0004
-0.0008
-0.006
-0.0178
0.0002
0.0312
-0.004
0.0092
0.0032
-0.0056
-0.0094
0.0032
-0.0084
0.0154
0.006
-0.004
-0.0092
-0.009
-0.0076
0.0024
0.0126
0.0016
-0.0068
-0.0114
-0.0126
0.0052
-0.0118
-0.0114
0.0118
0.0058
0.0148
-0.0008
0.0004
-0.0096
-0.0002
0.0002
0.0012
-0.0062
-0.003
-0.0226
-0.0032
-0.01
0.0022
0.0024
-0.001
-0.0054
0.0136
0.0148
0.0012
0.0086
0.003
0.0122
-0.0068
0.0082
-0.01
-0.0118
-0.009
-0.0066
0.0004
-0.0074
-0.006
0.0104
0.0098
-0.0104
0.0018
-0.0078
0.0048
-0.0072
-0.0102
0.0058
-0.0016
0.0092
0.01
-0.0124
-0.0018
-0.0018
-0.0118
-0.002
-0.0006
-0.0122
-0.0192
-0.0006
-0.0106
-0.001
-0.0044
0.0038
-0.0012
-0.0258
-0.003
0.0004
0.0004
0.0218
0.0006
-0.0024
0.0044
0.015
0.0032
0.0048
0.0124
0.001
-0.0026
0.0112
-0.0036
0.0014
-0.0078
0.0136
-0.0034
0.0078
-0.0106
0.0208
0.008
-0.003
-0.001
0.0064
0.0134
-0.0096
-0.0022
-0.0024
-0.007
-0.0082
-0.0038
-0.0038
0.0014
-0.001
0.0142
0.0102
-0.0114
-0.0062
0.001
0.0138
0.0072
0.0052
0.008
0.0098
0.001
0.0086
-0.0158
-0.0012
-0.0014
0.0022
-0.0102
-0.0096
0.012
-0.0076
0.014
-0.0056
-0.0046
-0.0028
-0.0062
0.0012
-0.0146
0.0056
-0.009
-0.0088
-0.006
-0.009
-0.0008
0.001
0.0008
-0.0242
-0.0094
0.013
0.001
-0.0168
-0.0024
-0.0084
0.009
0.0204
0.0032
0.01
-0.0008
-0.0008
0.001
-0.0036
0.0008
0.0114
-0.006
0.0044
-0.0034
0.002
0.0006
-0.003
-0.0042
-0.0066
-0.003
0.0104
-0.0136
-0.01
0.008
0.002
-0.0096
0.0034
-0.0068
-0.01
0.0042
-0.0186
-0.0132
0.0014
-0.0116
0.0032
-0.011
-0.0026
-0.0046
-0.0008
-0.0048
0.0016
0.0126
-0.0044
-0.0052
-0.0064
0.0162
0.0096
-0.0106
-0.006
-0.018
-0.0102
-0.022
-0.004
0.0046
0.0062
-0.0076
0.0144
-0.0048
-0.0134
0.0004
0.0022
-0.012
-0.0062
-0.0132
0.005
0.0282
-0.0116
0.0002
-0.0102
0.0118
0.0114
0.0032
-0.0148
0.0132
0.002
0.0106
0.0014
0.0028
-0.0046
0.0016
-0.0096
0.0128
-0.0214
-0.0052
-0.0002
-0.008
-0.002
-0.005
-0.0012
0
-0.0008
0.0064
-0.0038
0.0048
-0.011
-0.0034
-0.0006
-0.0058
-0.0018
0.0168
0.0032
0.004
0.0122
-0.0146
0.0116
0.0156
0.0168
0.0252
-0.0022
-0.0068
0.0076
0.0106
-0.013
-0.005
0.01
-0.0104
0.0048
0.0104
0.006
0.0008
0.0044
0.0012
-0.0042
0.0152
0.0032
-0.0006
-0.005
0.008
-0.0064
-0.0004
0.0004
-0.0078
0.0028
0.0136
0.0116
0.0052
0.002
0.0114
-0.0122
0.0198
0.0086
-0.0058
0.0028
0.0232
0.0076
-0.0004
-0.006
-0.0096
0.0026
0.0024
-0.0174
-0.0014
0.0052
-0.0026
0.0006
-0.007
-0.0088
-0.0058
-0.0058
-0.0082
-0.0194
-0.0068
-0.0174
-0.0016
0.001
0.014
0.0074
-0.0066
-0.0034
0.0046
-0.0034
-0.0148
-0.0196
-0.0022
0.0056
0.0072
-0.0022
-0.0026
0.0008
-0.0204
-0.012
-0.006
0.0064
-0.0088
0.0068
0.0054
0.012
-0.0122
-0.0076
0.0008
0.0088
0.0032
-0.001
-0.0202
-0.0154
-0.0044
0.006
0.0038
0.0022
0.014
0.0008
-0.005
-0.0042
-0.0008
0
0.0014
-0.022
-0.0014
0.006
0.0062
0.0048
0.0024
-0.0224
-0.0124
0.0058
0.0178
0.0046
0.0082
-0.0046
-0.0006
-0.004
-0.0074
0.0158
0.0164
0.0084
-0.0046
0
-0.0026
-0.0048
-0.0006
0.0048
0.0004
-0.0102
0.0164
0.0006
0.001
-0.0118
-0.0064
0.001
0.015
0.0052
0.0102
-0.0056
-0.015
-0.0046
-0.0186
0.0096
0.0062
0.0136
-0.0038
0.0038
-0.0002
0.0016
-0.0038
-0.007
0.0132
-0.0002
-0.0168
0.0114
-0.0054
0.0008
-0.01
-0.016
0.0112
-0.0084
-0.0024
0.0118
0.0024
0
0.0148
0.0082
0.0142
-0.0064
0.0074
0.001
0.0002
0.015
0.002
-0.0084
-0.0068
0.009
0.0124
0.0106
-0.0024
-0.004
-0.0144
0.0152
0.0112
0.0024
-0.0148
-0.0054
0.001
-0.0058
0.0028
0.004
0.0114
-0.0058
0.0048
0.0004
0.021
0.0072
0.0202
-0.0144
0.0158
0.0138
-0.0102
-0.0058
0.0016
-0.0082
-0.0108
-0.0012
-0.0088
0.0024
0.0074
0.019
0.0046
-0.008
0.0126
0.0048
0.0118
0.0092
-0.0012
-0.003
0.0066
0.0016
-0.0094
0.0056
0.007
-0.0048
0.004
-0.01
0.0114
-0.003
-0.0068
-0.0118
0.0018
0.0156
0.003
0.0032
0.005
-0.0072
-0.01
-0.0198
-0.0156
-0.008
-0.012
0.002
-0.0132
0.0106
0.0028
-0.023
0.0038
-0.0098
0.0072
-0.005
-0.0178
0.0158
0.0016
0.0152
0.0194
0.014
0.0222
-0.0026
0.0084
-0.0066
0.0112
-0.0142
-0.01
0.0022
-0.0066
-0.0176
0.0136
-0.0034
-0.0064
-0.0132
-0.0192
-0.0156
-0.0126
0.0042
0.005
-0.0064
0.0116
0.0108
0.0106
0.0024
0.002
0.0022
-0.002
-0.0142
0.0024
0.0016
0.0076
0.0124
0.0056
-0.0124
-0.0106
0.0082
0.0094
-0.0024
0.0088
0.0072
-0.0068
-0.0036
-0.0042
-0.014
-0.0006
0.0066
0.018
0.0144
0.0084
0.0036
-0.0028
0.0052
-0.008
-0.004
-0.0116
-0.0164
-0.0154
0.0056
-0.0066
-0.0022
0.0016
0.012
0.0242
-0.0052
-0.0136
-0.008
0.0068
-0.0032
0.0216
-0.006
-0.011
0.0146
0.0142
0.0032
0.0068
0.0032
-0.0116
0.0166
-0.0064
0
-0.0172
0.0012
0.003
-0.006
0.0072
0.023
0.001
0.0106
0.0206
0.0026
0.0242
0.0038
0.0028
-0.0156
-0.002
0.006
-0.0074
-0.0054
-0.0146
-0.0008
-0.0264
-0.0052
0.0114
0.0082
-0.0146
-0.0004
-0.0118
0.0048
-0.0072
0.0142
-0.009
0.0176
0.0048
0.0196
-0.0012
-0.0106
0.0018
-0.0144
-0.0082
-0.026
-0.0118
-0.0088
0.003
0.0034
-0.005
0.0084
0.0106
-0.0198
0.004
0.013
-0.0054
-0.0016
-0.0232
-0.0162
-0.0068
-0.019
-0.0004
0.0106
-0.0124
-0.0094
0.0056
-0.0034
0.0182
0.0098
0.002
-0.0124
-0.0026
0.0226
-0.0088
-0.0008
0.0056
0.003
-0.0008
-0.0078
0.0004
-0.0096
0.0056
0.0082
-0.0004
-0.0154
-0.005
0.0058
-0.0068
-0.0042
-0.0064
0.0062
0.0028
-0.0116
-0.011
-0.01
-0.0204
0.0028
0.0112
0.0074
-0.004
-0.0164
-0.012
-0.0024
0.025
0.0144
0.0024
0.0072
-0.0144
-0.0098
-0.0078
0.0068
-0.0056
-0.015
-0.0056
-0.0072
0.0128
-0.0076
-0.0116
-0.0116
-0.0044
-0.0022
-0.0086
0.0024
0.0166
-0.0054
-0.0312
-0.0064
-0.0024
0.0018
-0.0132
-0.0028
-0.015
-0.0316
-0.0082
-0.005
-0.0086
-0.001
0.0158
-0.0292
-0.0118
-0.019
0.0052
0.0032
-0.0214
0.0026
-0.0058
-0.006
-0.0274
-0.0098
0.0184
-0.0038
-0.0156
-0.0154
-0.019
-0.0058
-0.0026
-0.0106
-0.0022
-0.0144
0.0014
-0.0034
0.0008
0.0062
-0.0086
-0.0256
0.0006
0.004
0.0304
-0.0026
-0.0022
0.0018
-0.0002
0.0132
0.011
-0.0142
-0.0066
0.0156
-0.0018
-0.002
-0.006
-0.0042
0.0004
0.0152
0.0108
0.0048
-0.0052
0.0026
0.0028
0.0192
-0.0066
-0.01
-0.0082
0.004
0.0044
0.0096
0.009
0.0196
0.0014
-0.0122
-0.0212
0.0078
-0.0004
-0.0044
-0.0052
-0.013
-0.0006
-0.0016
-0.0024
-0.0016
0.0014
-0.0002
-0.0038
-0.003
-0.003
-0.0048
-0.0156
-0.0046
-0.005
-0.0244
0.005
0.015
0.013
0.0004
0.0004
0.0076
-0.0072
0.0004
-0.0006
-0.0094
-0.0086
-0.0068
0.0034
-0.0022
0.0074
-0.006
0.0004
0.0068
0.0164
0.007
-0.008
-0.018
-0.0074
-0.0102
0.003
-0.01
-0.0086
-0.016
-0.0002
-0.004
-0.0084
0.009
0.0192
-0.0018
0.0092
0.0058
0.0016
-0.0066
-0.0064
0.0108
0.004
-0.0028
-0.0094
-0.0006
-0.0066
-0.0134
0.0112
0.005
-0.0062
0.008
0.0056
0.0128
0.0062
-0.0082
-0.0016
0.0024
0.0004
0.0072
0.0122
0.0008
-0.0184
0.0036
-0.002
0.0066
0.0032
0.0004
0.0034
0.0104
-0.0082
0.0014
-0.0148
0.0146
0.0172
0.0148
-0.0026
-0.0108
-0.0016
0.0234
0.0094
0.0094
0.034
0.0042
0.0038
-0.0054
0.0112
-0.0044
-0.0084
0.0004
-0.008
-0.0194
-0.0128
-0.026
-0.0168
0.0036
0.0164
0.0028
0.0052
-0.0126
0.0022
-0.0116
0.0074
-0.0002
-0.0016
-0.0034
-0.0024
0.0046
0.0084
0.0184
0.0074
-0.0092
-0.0018
-0.0092
0.002
-0.014
-0.0082
-0.0148
-0.001
-0.0032
0.013
0.0056
-0.0028
-0.0064
0.009
0.014
0.0048
0.0042
-0.0064
-0.0122
-0.0034
-0.0124
0.0048
0.0054
0.002
-0.0186
-0.0124
0.0194
0.0058
0.004
0.0046
0.0196
0.0152
-0.0076
-0.0038
0.0012
-0.0028
0.022
-0.017
0
0.0032
-0.0026
0.006
-0.0086
-0.006
0.0064
-0.0124
0.0148
-0.0146
-0.003
0.008
0.0078
0.0164
-0.0194
0.0004
0.001
-0.0018
-0.0148
-0.0012
-0.0134
0.0082
0.0098
-0.0022
-0.0114
-0.0108
0.0098
0.0062
0.0018
0
-0.0124
0.0136
-0.0038
0.0034
0.003
0.0064
0.0094
-0.0138
0.002
-0.0018
0.005
0.0028
-0.01
0.0054
-0.006
-0.0032
0.0114
0.0004
0.0106
0.0222
0.0022
-0.003
0.0044
-0.009
0.0096
-0.0042
0.005
-0.0036
0.0126
0.0042
-0.0056
0.0078
0.0092
0.0058
-0.0006
0.0032
0.0076
0.0056
-0.0238
-0.0152
-0.0114
-0.0056
0.0002
-0.0082
-0.0086
-0.0068
0.0066
0.0144
0.0114
-0.003
-0.0056
0.0118
-0.015
-0.001
-0.0178
-0.0108
-0.0042
0.012
-0.004
-0.0092
-0.0052
0.004
0.0062
0.0008
0.0086
0.0166
-0.0046
-0.0296
0.0058
0.011
0.0106
0.007
0.0094
-0.0092
0.016
0.0104
-0.0136
0.013
0.0098
0.0136
-0.0126
0.0094
0.0038
0.0026
-0.005
-0.0108
0.0068
-0.0114
0.002
0.0066
0.0028
-0.002
0.0016
0.0132
0.0178
-0.0108
0
0.0168
-0.0064
0.0188
0.0042
0.0146
-0.001
-0.0076
-0.0136
-0.01
-0.0002
-0.0168
-0.005
0.0024
0.0012
0.01
-0.0248
-0.0122
-0.017
-0.0066
0.0178
-0.0158
-0.0044
-0.005
-0.0074
0.0072
-0.0058
0.0088
-0.009
0.0172
-0.002
-0.0008
-0.0046
-0.002
0.0076
-0.0146
-0.0022
0.0106
-0.0014
0.0184
0.0168
0.0048
-0.009
-0.0154
0.001
-0.0076
0.0134
-0.0116
0.0082
-0.0066
0.0082
0.0034
0.0012
0.0146
0.0116
0.023
-0.0002
0.0048
-0.0062
-0.0086
-0.0102
0.0174
0.0042
0.0114
0.0002
-0.0092
0.0198
0.0168
-0.0004
0.004
-0.016
-0.0084
-0.0122
-0.0018
-0.0012
0.0008
-0.007
0.0024
-0.0092
-0.0116
-0.0086
-0.0088
-0.0092
0.0064
0
-0.0006
0.0002
-0.0168
-0.0112
-0.0058
-0.001
0.0112
0.0086
-0.0136
0.0108
0.0114
-0.0084
0.002
0.0036
0.01
0.0064
-0.0044
-0.0008
-0.005
0.003
-0.0076
-0.0058
0.021
0.0244
0.0148
0.0052
0.0002
-0.0094
-0.0162
-0.003
-0.01
-0.0128
0.0086
0.0038
0.008
0.0074
0.0018
0.0174
-0.001
-0.0018
0.008
0.001
0.0036
-0.02
-0.0136
0.0104
0.006
0.0098
-0.0042
0.008
-0.0022
-0.0204
-0.0004
-0.0106
-0.0168
0.012
-0.0142
0.0028
0.0056
-0.013
0.0054
-0.007
-0.0134
-0.009
-0.0196
-0.0086
0.0046
0.0138
0.0152
0.0264
0.0126
-0.017
-0.0234
0.0012
-0.003
0
-0.0148
-0.008
0.014
0.0084
0.0096
-0.029
-0.0198
0.0066
-0.0018
-0.0026
0.0048
0.0192
0.002
-0.0004
-0.005
-0.0118
-0.0016
0.007
-0.0202
0.0056
0.005
0.0012
-0.019
0.0158
-0.0032
-0.0276
-0.007
0.0034
0.0038
-0.002
-0.0054
0.0086
0.003
0.0066
0.0128
-0.0112
-0.001
-0.0074
0.0172
-0.0076
-0.0018
0.0134
0.0092
-0.0022
-0.0082
-0.0182
-0.0174
-0.0128
0.0014
0.0238
0.0044
0.0044
0.0024
0.0156
-0.0058
0.0118
-0.0032
0.0112
-0.005
0.0018
0.0284
0.0146
0.0048
0.0026
-0.0132
-0.0016
0.008
0.0076
-0.008
-0.003
0.007
-0.0158
-0.0056
-0.0046
-0.0072
0.0044
0.0176
0.019
0.0148
0.0034
0.0018
-0.0088
-0.0034
0.0062
-0.0132
0.0296
-0.0022
0.006
-0.0122
0.0076
-0.0042
-0.0054
-0.0086
-0.0068
0.0048
0.0128
0.0086
-0.0078
-0.0044
-0.0042
0.0044
-0.0072
0.0056
0.004
-0.0144
0.0056
0.0094
0.0126
0.0006
-0.0252
0.0112
0.0068
0.0014
0.0008
0.0078
-0.0064
0.0198
-0.0072
-0.0088
0.0064
0.0014
0.001
0.0094
0.0096
0.009
-0.0066
0.003
-0.0118
0.0052
-0.009
-0.0078
-0.0072
0.0064
-0.006
0.0006
-0.002
0
0.017
0.0086
-0.0016
0.0132
0.004
0.0176
-0.0078
0.0072
-0.0106
-0.0008
-0.0098
0.0016
-0.01
-0.001
0.0104
0.0058
-0.0182
0.015
0.001
0.012
-0.0134
-0.0038
-0.0014
0.0046
0.0012
-0.0048
-0.0162
0.0074
-0.006
-0.0104
0.003
-0.012
-0.0076
0.0074
0.0036
-0.0054
0.005
-0.0062
-0.0052
-0.0122
0.0026
0.0036
-0.002
-0.0058
-0.0148
0.0062
0.008
-0.0126
-0.0218
-0.0084
-0.0014
-0.017
0.001
-0.0014
-0.0064
0.0102
-0.0106
0.0102
0.006
0.0062
-0.0142
0.0044
0.0022
0.0022
0.0044
-0.0028
-0.0004
-0.0016
-0.0192
0.0092
-0.0138
-0.0014
-0.004
0.0014
0.0154
0.0058
0.013
-0.0044
0.0096
-0.0036
0.001
-0.006
0.0024
0.0026
0.009
-0.0078
-0.0028
-0.0104
0.0036
-0.018
0.001
-0.0034
-0.0036
0.0118
0.0056
0.0038
0.0082
-0.009
-0.0148
0.0092
-0.0064
0.0032
0.0048
0.002
0.0042
-0.0028
-0.0152
0.0078
0.004
-0.0448
-0.0054
-0.005
-0.0028
-0.0074
0.0062
-0.016
0.0128
0.0008
-0.0018
-0.0102
-0.0102
0.0056
0.0004
-0.0168
0.0024
0.0022
0.002
-0.0194
-0.0032
0.0128
-0.006
0.0058
0.0116
0.0018
0.0058
-0.0124
-0.009
-0.0174
-0.009
-0.0174
-0.0184
-0.0154
-0.0066
-0.008
-0.0104
0.0084
0.001
0.0012
0.0014
0.0088
-0.005
0.01
-0.0088
-0.0266
0.0142
-0.0052
-0.0082
-0.005
-0.0306
-0.0054
-0.001
0.0004
0.0056
-0.0164
-0.0016
-0.0102
0.005
-0.0106
0.006
-0.0022
0.017
0.0056
-0.0132
-0.0118
0.0012
0.0094
0.0016
-0.0138
0.0012
0.0196
0.012
0.006
-0.009
-0.0132
-0.0044
-0.0032
0.0018
-0.02
-0.0024
-0.0284
-0.009
0.0102
0.0028
0.0068
0.009
-0.0146
-0.0042
-0.0016
-0.0114
0.0042
-0.003
0.0048
-0.033
0.0026
0.004
-0.0012
-0.0038
0.0198
0.0074
-0.0082
-0.0026
0.0054
0.012
0.0232
-0.0042
0.0014
0.0038
-0.001
0.0104
0.0082
0.0066
-0.0018
0.0014
0.0148
0.0032
0.0086
-0.0124
0.0132
-0.003
-0.0006
-0.0188
0.0118
0.0006
0.0006
0.0016
0.002
0.0136
-0.0138
0.0018
0.0198
0.0054
0.0052
-0.0062
-0.0018
0.0014
0.006
0.0188
0.0028
0.0038
0.0176
0.0216
0.0096
-0.0156
-0.0096
0.001
0.0062
-0.0044
0.0048
-0.0102
-0.0072
0.0138
0.0024
0.0036
0.0032
-0.0012
-0.01
0.007
0.0086
0.002
0.002
-0.0008
-0.0008
0.0028
0.0132
-0.0042
-0.001
0.0096
0.0114
-0.0014
-0.0034
-0.0088
-0.0086
-0.0002
0.005
0.012
0.0046
0.004
-0.008
-0.0066
0.0012
0.0072
0.0022
-0.0034
0.0074
-0.0078
-0.0134
0.0042
-0.0084
0.006
0.0002
-0.0084
0.0122
-0.0096
0.0006
0.004
-0.005
0.0068
0.0114
0.0186
-0.0024
-0.001
0.0212
-0.01
-0.0022
0.0042
0.002
0.0052
-0.0104
-0.0108
-0.019
0.0062
-0.0116
-0.0042
-0.0004
0.0078
0.003
0.0186
0.007
0.0034
-0.0044
-0.0094
0.0076
0.0022
0.0074
-0.0044
-0.0038
0.0062
0.0122
-0.0052
-0.0082
-0.0012
-0.0052
-0.0056
-0.0096
0.0084
0.0116
0.0006
-0.0074
0.0186
0.025
-0.0024
0.0158
0.001
-0.0016
-0.0086
0.0014
0.0114
-0.0024
0.0038
-0.0078
-0.0062
-0.0142
-0.0038
-0.0156
-0.011
0.0002
0.0018
-0.0006
0.0212
0.0062
0.0014
0.0022
0.0056
0.0034
0.0002
0.007
-0.0038
0.0174
-0.0158
-0.0074
-0.0068
-0.0034
0.0072
0.0026
0.0122
-0.002
0.0042
0.0074
-0.0018
0.0008
0.0056
-0.0006
0.0118
0.0052
0.0116
-0.0052
-0.0014
0.013
-0.0016
0.0038
-0.0032
-0.0094
-0.0052
-0.005
-0.0108
-0.0084
-0.0142
0.004
0.0174
0.023
-0.0204
0.0006
-0.0254
-0.005
-0.0024
0.0106
0.0132
-0.0032
0.01
0.0056
-0.0034
0
0.0034
0.005
0.0004
-0.0014
-0.0084
0.0176
0.0126
-0.0058
-0.0112
-0.0184
0.0028
0.0088
-0.0058
-0.0042
0.0262
-0.014
-0.0306
0.015
-0.0016
-0.0036
0.006
-0.0008
0.0116
0.0138
-0.0116
0.0156
-0.012
0.0074
0.0034
0.0146
0.0054
0.0116
0.014
-0.0084
-0.003
0.0074
-0.0054
-0.0102
-0.0056
-0.021
-0.005
0.0054
0.0078
-0.001
0.0036
-0.0048
0.0244
-0.002
-0.0016
0.0238
-0.0012
0.0148
-0.004
-0.0026
0.0172
0.006
-0.005
-0.0098
-0.0054
0.0032
0.0022
-0.0028
0.0114
0.011
-0.0072
0.0044
-0.001
0.0012
-0.0068
-0.0066
-0.0102
0.006
-0.007
0.0018
-0.0012
0.0108
-0.012
-0.0076
-0.0102
0.0032
-0.0002
0.0032
-0.0042
0.0058
-0.0074
-0.0168
-0.0086
0.0084
0.013
0.0054
0.0004
-0.0246
-0.0122
-0.0196
-0.0104
0.0072
0.0004
0.0032
0.0002
0.0094
-0.0078
0.0162
0.0084
-0.0078
0.006
0.007
0.0098
0.017
-0.0038
-0.0118
0.0046
-0.0134
0.0134
0.0162
0.012
0.012
-0.0022
0
-0.0076
0.0068
0.0146
-0.017
-0.007
0.017
-0.0132
-0.003
0
-0.0054
-0.0202
-0.0056
0.0002
-0.0126
-0.0034
-0.0064
-0.0082
0.0056
-0.0046
0.0038
0.0138
-0.0204
0.0068
-0.007
0.0228
0.0112
0.0046
-0.0022
-0.0028
0.0078
-0.0076
-0.0022
-0.014
0.0018
0.0024
-0.0074
0.006
-0.0144
-0.0082
-0.0002
0.002
0.0302
0.0018
-0.0008
0.0002
-0.0078
-0.0008
-0.0164
-0.004
-0.0098
-0.0016
-0.0156
-0.0006
0.001
0.0002
-0.0066
-0.0024
-0.0076
-0.0152
-0.009
-0.0116
-0.0002
-0.012
0.0032
-0.0008
0.0006
-0.0094
-0.0042
0.0086
-0.0112
-0.0058
-0.0064
0.0036
-0.011
0.0054
0.0052
0.0122
-0.0086
0.0062
-0.0008
-0.0176
0.0184
0.005
0.0008
0.0022
0.0134
0.0004
0.0004
-0.0128
0.0006
0.0036
0.002
0.0212
-0.0006
0.0004
-0.0096
-0.0106
-0.0094
-0.0136
-0.0224
0.0162
0.016
-0.0058
0.0158
0.0036
0
0.015
-0.0082
0.0002
0.008
0.0042
-0.0288
-0.0038
-0.0048
-0.0134
-0.0076
0.013
0.0028
-0.0012
-0.0036
0.0042
-0.0116
-0.0178
0.0006
-0.0086
-0.007
-0.0016
-0.0026
0.0002
0.0032
0.0086
-0.0008
0.0132
0.0172
0.0096
0.009
-0.012
-0.0008
-0.0112
-0.0034
-0.0048
0.0036
-0.004
0.0038
0.0004
0.0032
-0.008
0.0128
0.003
-0.0124
-0.018
0.0018
0.0056
-0.013
-0.0052
0.0144
0.004
-0.0032
-0.004
0.0066
0.0088
-0.0068
0.005
-0.0216
-0.0082
-0.009
-0.0064
-0.0048
-0.0084
-0.005
-0.011
0.0062
0.0026
0.005
0.0084
-0.0098
0.0068
-0.0068
-0.0036
0.0026
0.0028
-0.0068
0.0028
0.0074
0.0086
-0.0004
0.0222
0.0224
0.0064
0.0036
0.0244
0.0228
0.0034
-0.0166
-0.0002
-0.0042
-0.0026
-0.001
-0.012
-0.0026
0.0108
0.02
0.0032
-0.0194
-0.003
-0.013
0.0034
0.0022
-0.0028
0.0088
-0.0142
-0.0098
-0.002
0.0018
-0.0138
0.0174
-0.0052
0.0002
-0.0172
0.0064
0.0042
-0.0064
-0.0072
0.0076
0.0084
-0.0046
-0.0074
-0.0134
0.004
-0.0012
0.0082
-0.0018
0.016
-0.002
0.0116
-0.0014
0.0082
0.0146
0.004
0.0154
0.004
-0.0114
-0.0072
0.0092
-0.003
0.0004
-0.0082
0.0016
0.0232
0.0122
-0.0096
-0.0128
-0.003
0.0182
0.0118
0.0152
0
0.0046
0.0014
0.0158
0.003
0.0178
-0.0044
0.0088
-0.0044
0.0054
-0.0242
0.0024
0.0048
0.0036
-0.0014
0.0028
0.0172
-0.0018
0.0074
0.0118
-0.0144
0.0106
0.008
-0.0026
-0.0116
-0.0134
-0.006
-0.0174
-0.0054
0.007
-0.0062
-0.004
0.0044
-0.0028
0.008
-0.0022
0.0054
-0.0088
-0.02
-0.0008
-0.0012
-0.0108
0.0016
-0.02
-0.0164
-0.0092
0.0044
0.0038
-0.0172
-0.0008
0.0112
0.0228
-0.0192
0.0144
-0.0012
-0.007
-0.0156
-0.0028
0.0012
0.007
-0.0072
-0.0072
0.0112
-0.0138
-0.001
-0.0062
-0.0192
-0.0104
-0.0316
-0.003
-0.0094
-0.0106
0.0046
-0.0102
-0.0058
-0.0072
-0.0106
0.0164
0.008
-0.0104
0.0076
-0.002
0.0026
0.0046
0.0108
0.0132
-0.013
-0.0038
-0.0028
-0.0248
0.0142
0.0102
0.0132
0.0094
0.0084
-0.0122
-0.0024
-0.0098
0.0112
0.01
-0.0104
-0.001
-0.0028
-0.0016
-0.0006
-0.0076
0.0142
0.0048
-0.0116
0.0072
0.0084
-0.003
-0.0052
0.0054
0.0086
0.0094
0.0084
0.0164
0.0034
-0.0144
-0.0002
0.0196
0.0158
0
-0.004
-0.001
-0.0012
0.0038
0.0144
0.0094
-0.0062
-0.0064
-0.0052
-0.0102
-0.0136
-0.0034
0.017
0.0108
-0.0078
0.008
-0.0058
-0.0252
-0.0116
-0.0038
0.002
0.0034
0.0088
-0.0056
-0.006
-0.0162
0.0004
0.0034
-0.0024
-0.001
-0.01
0.0146
0.019
0.005
-0.0078
-0.0226
0.008
-0.0024
0
0.0094
-0.012
-0.0088
0.0032
-0.0118
0.0176
0.0256
0.0084
-0.002
0.0112
-0.0068
-0.0042
-0.0064
0.0078
-0.0022
0.0098
0.001
-0.021
-0.0136
0.0146
0.009
0.014
0.009
0.0138
0.0034
-0.003
-0.0064
-0.01
0.002
0.0166
0.0068
0.0006
-0.018
-0.0054
-0.0046
0.0018
-0.0004
-0.0064
0.0066
0.0036
-0.0038
0.0084
0.0138
0.0006
-0.0162
0.0062
0.0048
0.0048
0.0182
-0.0052
0.0082
-0.012
0.0108
0.0004
-0.0008
-0.0034
-0.0104
-0.0004
-0.0112
0.0084
-0.0134
0.0072
-0.0024
0.01
0.0012
-0.0114
0.003
-0.001
-0.0124
-0.0078
-0.013
-0.001
-0.0048
-0.0082
0.0134
0
0.0016
0.0046
0.0012
0.0016
0.0014
-0.0238
-0.0168
-0.0126
-0.0084
0.0122
0.0058
-0.0034
-0.0066
-0.0088
-0.0012
0.011
-0.003
0.0004
0.0092
-0.0114
-0.0088
-0.0156
-0.018
0.0094
0.0184
0
-0.0114
0.0052
0.0056
-0.0042
-0.0134
0.009
-0.0008
0.0006
-0.0096
0.0048
-0.02
0.0076
0.003
0.0016
0.0044
0.0058
0.0022
0.0084
0.0042
-0.005
0.0068
0.0074
-0.016
0.001
0.0088
0.0056
0.027
0.0102
-0.021
-0.0098
-0.01
-0.0102
0.0064
-0.007
0.0124
-0.0182
0.0086
0.0046
0.0044
-0.0086
0
0.0122
0.0062
-0.009
-0.0172
0.0096
0.0238
-0.0102
0.0046
-0.0284
-0.0062
-0.009
-0.008
-0.0038
0.024
0.004
0.0072
0.0116
-0.002
-0.0104
0.002
0.0076
0.014
0.0012
0.002
0.0038
-0.0106
0.0096
-0.0088
-0.008
0.0012
-0.0022
0.001
-0.0028
-0.0044
0.003
-0.0146
-0.0004
0.0008
0
0.003
-0.008
-0.0104
-0.0244
-0.007
-0.0042
0.011
0.0002
0.0068
0.0226
0.0142
0.0106
0
-0.0118
-0.012
-0.013
0.0022
-0.0018
0.0002
0.0142
0.0064
-0.0078
-0.005
-0.0048
-0.0028
-0.0088
0.0058
0.0154
0.0104
0.007
-0.01
-0.011
0.0156
0.0046
0
-0.0082
-0.0046
-0.005
-0.0144
0.007
0.0062
0.0022
0.0152
0.0102
-0.0116
0.0052
-0.0044
-0.0004
-0.0126
0.0012
0.01
0.0196
-0.0064
-0.0054
-0.0172
-0.009
0.0038
-0.0036
-0.0124
-0.0198
-0.0022
0.005
-0.0072
0
-0.0016
-0.0072
-0.0038
0.005
-0.0052
-0.0032
0.007
-0.0096
-0.0166
-0.0218
0.0092
-0.0012
0.0016
-0.0026
-0.0184
-0.0152
0.0074
0.002
-0.0016
-0.0002
-0.0128
-0.0012
-0.0092
0.0128
-0.0088
0.006
0.0058
-0.0002
-0.0064
-0.0062
0.0082
0.0024
-0.0078
-0.001
-0.0056
0.0044
-0.007
0.0168
-0.007
-0.019
-0.0078
-0.0062
0.0008
0.0042
0.0108
-0.0012
-0.021
-0.0102
-0.0118
0.013
0.0024
-0.005
0.0014
-0.002
-0.007
-0.003
0.005
0.0124
0.0122
0.0094
0.0026
0.0138
-0.0094
-0.0086
-0.012
0.01
-0.0076
0.0032
-0.0006
-0.006
0.0052
-0.0154
0.0012
0.0004
-0.007
0.0018
0.0066
-0.014
0.0006
0.0008
-0.0092
-0.005
-0.0034
-0.0034
-0.0034
0.0158
-0.0056
-0.0032
-0.0054
-0.0072
-0.0116
-0.005
0.0218
0.014
0.0006
-0.007
-0.0056
0.0054
-0.006
0.0004
0.0296
0.0082
0.0086
0.007
0.0094
0.0008
-0.0186
0.0034
0.0206
0.0174
0.0116
0.0094
-0.011
0.0028
-0.0004
0.0092
0.0044
-0.0074
0.0014
0.0128
0.008
-0.0054
-0.005
-0.01
-0.0138
-0.0122
-0.0062
-0.013
0.0076
0.0056
0.0064
-0.0132
0.0144
0.0258
0.0118
0.0008
0.0048
0.0196
0.0218
0.0016
-0.0042
0.0092
-0.0116
0.011
0.0048
-0.009
-0.0028
0.0058
0.0072
0.0014
0.0066
-0.0104
0.0154
0.004
-0.0146
0.0098
0.001
0.0126
0.0096
0
-0.0086
-0.0112
0.0002
-0.0004
0.0038
0.0082
0.0012
0.0186
0.0078
-0.0216
0.0006
-0.0098
0.012
-0.011
-0.0076
0.0092
0.0074
-0.0102
-0.0002
-0.0078
0.0082
0.0058
-0.005
0.0126
0.012
0.0136
-0.0018
0.0068
-0.0168
-0.011
-0.003
-0.0054
-0.0066
-0.0022
-0.0044
0.0048
0.0224
0.018
0.0068
-0.0034
-0.0158
-0.0048
-0.0062
-0.0088
-0.0004
-0.0154
-0.0018
0.0004
-0.0188
-0.0084
0.0006
0.015
0.0126
-0.0094
-0.0016
0.0004
0.0002
-0.0016
0.0148
-0.009
0.0118
-0.0244
-0.018
0.006
-0.0044
-0.0008
-0.005
-0.0174
-0.0034
0.0114
-0.0086
0.0024
0.0064
-0.0114
0.0048
-0.0176
0.0032
-0.014
-0.0076
-0.0114
-0.015
-0.017
0.0038
-0.0006
0.0134
0.0048
0.0002
0.0052
-0.0006
-0.0052
0.0122
0.0036
0.0174
0.0138
-0.0076
-0.0078
-0.0044
-0.006
-0.0036
-0.0126
-0.0216
-0.0124
0.0178
-0.0024
-0.0204
-0.0094
0.0016
0.005
-0.004
0.0306
-0.0102
0.0212
0.0062
-0.0134
-0.0026
-0.0016
-0.0032
-0.0078
0.003
-0.0244
-0.0054
-0.0152
-0.0004
-0.018
-0.0002
-0.0034
-0.0086
0.001
0.0136
0.0184
0.017
-0.0012
-0.0034
-0.0142
-0.0068
0.0088
-0.0168
-0.0256
-0.0028
0.0032
0.0048
0.006
0.001
0.0084
0.0066
0.0122
0.0134
0.0026
-0.0016
0.0066
-0.0054
-0.024
-0.001
0.0012
0.0158
0.015
0.009
0.0116
-0.0038
-0.0038
-0.005
0.0052
-0.0144
-0.0012
-0.0166
0.0032
0.0172
0.022
0.0116
-0.0066
-0.0048
-0.0064
0.008
0.0098
0.0224
0.0112
0.0004
0.0042
0.0064
-0.0024
-0.0054
-0.0164
0.0026
-0.016
0.0018
0.0034
0.0154
-0.0038
-0.0042
0.0022
0.004
-0.021
0.0036
0.0042
-0.0012
0
-0.0072
-0.0022
-0.0002
0.0006
0.0056
-0.0276
0.0024
-0.0092
0.004
-0.008
-0.0142
-0.0086
0.0144
0.0076
-0.0028
0.0114
0.0118
0.0078
0.0018
-0.002
-0.0086
0.0194
-0.0062
-0.0122
0.0036
0.0118
0.0038
-0.01
-0.0072
-0.0144
0.0178
0.0028
0.0008
0.0082
-0.006
0.0142
0.0138
-0.0048
0
0.0246
0.009
0.0162
-0.01
0.0062
-0.0052
0.0162
-0.004
0.0026
0.018
-0.0098
0.008
-0.003
-0.005
0.0068
-0.0026
-0.0088
-0.0062
-0.0072
0.0142
0.0084
0.0054
0.005
0.0026
-0.0004
-0.0002
-0.0076
-0.0006
-0.0048
0.002
0.0196
0.0054
0.0042
0.0092
0.0156
-0.0048
0.015
0.0096
-0.0062
-0.0116
0.004
0.0064
-0.001
-0.0154
-0.0048
0.0124
0.0082
0.022
0.0024
0.0046
0.0116
0.0102
-0.0062
-0.0156
-0.0078
-0.012
0.0078
0.0068
0.0114
-0.002
-0.0102
0.0262
0.0082
-0.0188
-0.006
-0.0042
-0.0286
-0.028
-0.0156
-0.0006
0.0072
0.003
-0.0026
0.0164
-0.0026
-0.001
-0.0028
0.0284
-0.011
0.0036
0.0136
0.0032
0.0058
0.0304
0.0056
-0.0128
-0.01
-0.0032
0.017
0.003
0.0112
0.0108
0.0032
-0.0014
0.0082
0.0116
-0.0278
0.0022
0.0014
0.0084
0.0182
0.0046
0.001
-0.0058
0.0084
-0.0112
-0.0084
0.0018
0.0164
0.0036
-0.0032
0.0038
0.0032
0.0096
-0.0172
-0.0018
-0.0134
-0.0064
-0.0048
0.0054
-0.002
0.0042
-0.0036
-0.004
-0.0148
-0.0014
0.0026
0.0006
0.0018
0.025
0.0004
-0.004
-0.0048
0.0104
0.0058
0.0096
-0.0034
-0.001
0.0118
0.0038
0
0.005
0.0108
-0.0096
0.0056
0.0024
-0.0022
-0.0058
0.0068
0.0086
0.0304
0.016
-0.0066
0.0072
0.0064
0.0052
-0.0008
0.0168
-0.001
0.0058
-0.0042
-0.0152
0.0172
-0.0032
0.0194
-0.006
-0.0008
0.002
0.013
-0.0028
-0.009
-0.002
-0.002
0.0018
0.0242
-0.0086
-0.0192
-0.0038
0.0046
0.006
-0.0072
0.013
-0.0242
-0.002
-0.0048
-0.0258
0.0006
0.0096
0.0076
-0.0008
-0.0006
0.0068
0.0062
-0.0098
-0.0064
-0.0058
-0.0038
-0.018
-0.0064
-0.0078
0.0024
-0.009
-0.0054
0.0198
-0.0124
-0.0098
-0.0052
-0.0094
-0.019
-0.0072
-0.0052
0.0096
0.0102
-0.001
-0.0128
-0.0034
0.0082
-0.0086
0.0026
0.0078
0.0108
0.0078
0.0072
0.0004
0.0108
-0.0002
-0.0102
0.0002
-0.0054
0.0054
0.0084
0.003
0.0102
0
-0.0062
0.0006
0.0098
-0.004
-0.0034
-0.0154
0.009
0.012
0.0014
0.0086
0.0168
0.0026
0.014
0.0102
0.0056
-0.0072
-0.0186
0.006
0.0004
0.0118
-0.0068
-0.0078
-0.0016
0.0148
0.0078
0.0038
0.0138
0.0038
-0.019
-0.0116
-0.003
0.014
-0.0166
-0.0076
-0.0002
0.019
0.0038
-0.0076
0.0098
-0.012
-0.0064
-0.0016
0.0014
-0.015
0.0152
-0.0054
0.0018
-0.0114
0.0174
-0.0016
0.0092
-0.0076
-0.0024
0.0086
-0.002
-0.0136
0.0148
0.0046
0.0152
0.0124
-0.0246
-0.0026
0.0148
0.0124
-0.0002
-0.0008
0.007
0.011
0.0038
0.019
0.008
-0.0012
-0.0102
-0.0012
-0.0068
-0.0056
-0.0088
-0.001
-0.008
-0.0002
0.0012
-0.0012
-0.0184
-0.0072
-0.0206
-0.0112
-0.0068
-0.0184
-0.0116
-0.0084
-0.0074
0.0176
0.0056
-0.0156
-0.0006
-0.0256
-0.0098
-0.0002
0.0024
-0.0012
0.013
0.0036
0.0056
0.0046
0.0072
0.0034
0.0058
-0.0052
0.0022
-0.0014
-0.0044
-0.0082
-0.002
0.0074
0.0034
0.0054
0.0142
0.001
0.0076
0.01
0.005
0.002
0.0138
-0.0124
-0.0004
0.0164
-0.016
-0.0088
-0.0074
0.001
-0.005
-0.0136
0.0118
-0.006
-0.005
-0.0138
0
-0.0214
0.009
0.0096
-0.0028
-0.0086
-0.0044
-0.0032
-0.0044
-0.0018
-0.005
0.0092
0.0074
0.0042
0.0036
0.0026
-0.0166
-0.0088
0.006
-0.0006
0.023
0.0198
0.0096
0.0184
0.018
0.0118
0.0022
0.0094
0.0248
0.0132
0.0136
-0.002
-0.0038
-0.006
0.0024
0.0018
0.0102
-0.0014
-0.0112
-0.018
0.0016
-0.0056
-0.015
0.0064
0.013
0.0086
-0.0096
-0.0126
0.015
-0.0044
-0.0066
0.0006
-0.0072
0.0042
0.015
0.017
-0.0134
0.0154
0.001
0.016
0.0146
0.0192
0.0046
0.0164
-0.0064
-0.0018
0.0224
0.0088
-0.0086
0.0018
0.0054
-0.0114
-0.0052
-0.0036
0.0062
0.0056
-0.0056
0.0032
-0.003
0.0018
-0.01
-0.012
0.0138
0.0042
0.0126
0.0014
0.01
-0.0018
-0.0084
0.0062
0.0024
0.0088
0.0048
-0.0004
0.008
0.0104
0.0084
-0.0102
0.006
-0.0032
-0.0098
0.0066
-0.0014
0.0088
-0.007
-0.0064
0.0024
-0.004
0.0054
0.0094
-0.0002
0.0044
0.0028
0.002
0.0002
-0.0008
0.0042
0.002
-0.0064
0.0004
-0.0146
-0.0014
0.0064
0.0178
0.0086
-0.009
0.0094
-0.0068
0.0056
-0.0018
-0.0218
-0.0256
-0.0066
-0.005
-0.0144
-0.0138
0.003
-0.0184
0.0122
0.0206
-0.008
0.0144
-0.0088
0.0106
0.0344
-0.0124
0.0096
0.0046
0.0138
-0.0074
-0.003
-0.008
-0.0126
0.0036
-0.0066
-0.0006
0.0188
0.008
-0.0132
0.0068
-0.022
0.0072
0.0076
-0.011
-0.0046
0.0016
-0.0168
-0.001
0.0016
0.017
0.0178
0.005
0.0084
0.0188
-0.0058
0.0018
0.0044
-0.0032
0.0018
0.0076
-0.0166
0.01
0.0034
-0.008
-0.0096
-0.0156
-0.0118
0.0026
0.004
-0.004
0.0018
-0.0134
-0.0004
0.0054
0.0046
0.0054
-0.0024
-0.0016
0.0036
0.0062
0.0124
-0.0002
0.0058
-0.0082
-0.0032
-0.0028
-0.0202
-0.0092
-0.0076
0.0188
0.0114
-0.0068
-0.0024
0.0042
0.0038
0.0124
-0.014
0.006
-0.0136
0.003
-0.0032
0.0046
0.0068
0.0044
0.001
-0.009
0.0002
-0.0006
0.017
-0.007
0.0024
-0.0162
0.0056
0.0126
0.026
-0.0052
-0.0004
-0.0102
0.0098
0.0172
0.0026
-0.0008
-0.009
0.0036
-0.0018
-0.0034
0.0032
0.001
-0.0018
0.0116
0.0034
0.0144
0.0048
-0.0064
0.0006
-0.0092
-0.0092
-0.0024
0.0118
-0.0154
-0.0038
0
0.004
-0.0002
-0.0016
-0.001
0.0106
0.003
0.0186
-0.0012
0.0136
0.002
0.0102
0.0042
-0.0008
0.0036
-0.004
-0.015
-0.017
-0.0084
-0.0062
-0.0036
-0.0196
-0.0012
-0.0058
0.0018
-0.009
-0.01
-0.0148
-0.006
0.0028
-0.0042
0.0056
-0.006
-0.0054
-0.0002
-0.0042
0.0066
-0.0082
0.0124
-0.0136
-0.0064
-0.0052
0.0166
-0.0026
0.0092
-0.003
-0.0194
-0.0096
-0.016
0.006
-0.0012
-0.0094
0.0076
0.0086
-0.0086
0.0068
-0.0048
-0.016
0.0172
0.0002
0.0064
0.006
-0.0018
0.0016
-0.018
0.0004
0.0152
0.0018
0.005
0
-0.0164
0.0066
0.0126
-0.0058
-0.0216
-0.0116
0.016
0.0142
-0.0034
0.003
-0.0044
0.012
-0.0204
-0.004
-0.0084
0.0072
0.0048
0.007
-0.003
-0.0006
-0.0134
0
0.003
0.0114
-0.0016
0.0086
-0.0018
0.0196
-0.0028
0.016
0.0042
-0.0146
-0.0108
0.027
0.0042
0.0168
0.0088
0.0046
0.004
-0.0092
0.0082
0.0046
0.0106
-0.0076
-0.0056
-0.0032
-0.0026
0.0222
0.0074
-0.0114
0.0034
0.0068
-0.023
0.0052
0.0014
0.0218
0.009
0.002
-0.0092
-0.014
-0.0106
-0.0162
0.0148
-0.0004
-0.0108
0.0078
0.0024
0.0108
-0.0078
-0.0024
0.0084
-0.0028
-0.0066
-0.0096
0.0052
0.0026
-0.0046
0.0044
-0.0056
-0.0048
0.01
-0.0024
0.0048
0.006
0.0038
0.011
0.0066
0.011
0.0038
0.0004
-0.0008
-0.0072
-0.0024
-0.0024
-0.0004
0.0044
-0.0098
0.0026
0.008
0.0094
-0.004
0.0048
0.0028
0.014
0.0096
0.0198
-0.0128
0.0042
-0.0082
-0.0112
0.0136
-0.0048
-0.0012
0.0024
-0.0056
-0.0086
0.013
-0.0032
0.0298
0.0064
-0.0052
0.0114
0.008
-0.0028
0.0198
0.0114
-0.0034
-0.0052
0.0064
0.0044
-0.016
-0.0018
0.0022
0.0092
0.0034
-0.0106
-0.0068
0.015
0.0104
-0.0216
-0.0048
-0.0012
0.0062
0.0004
-0.009
-0.0102
-0.0082
-0.0062
-0.0028
-0.0128
0.0024
0.0044
-0.008
0.002
0.0196
0.0042
0.0008
-0.0034
-0.0022
0.0168
0.0016
-0.001
0.0124
0.0038
-0.0112
0.0072
-0.0044
0.004
0.0044
0.0074
-0.0032
-0.0068
-0.0192
-0.0062
-0.006
0.021
0.0148
-0.003
-0.0004
0.0176
0.0042
0.0128
0.0044
-0.0154
-0.0218
-0.0046
-0.0038
-0.0034
0.0038
-0.015
0.0116
0.0006
-0.0076
-0.0154
-0.0048
-0.0066
-0.0062
0.008
-0.003
0.002
0.0094
-0.0052
0.0052
0.0184
-0.0026
-0.0028
0.0062
0.0118
-0.0036
-0.001
-0.0086
-0.0198
-0.0136
-0.0168
0.0006
0.015
0.0084
0.0106
0.0208
-0.0156
-0.0186
0.0238
0.0016
0.024
-0.0054
0.0016
-0.012
-0.0036
0.007
-0.006
-0.0006
-0.005
-0.0302
0.016
-0.004
-0.0026
0.0204
0.0106
0.0136
0.0068
-0.0204
-0.0042
-0.006
-0.0048
-0.002
0.0114
-0.0038
0.0096
-0.0154
-0.0088
-0.0028
0.0098
-0.0118
-0.0116
0.0044
0.0078
0.0214
0.0176
-0.003
-0.0164
0.003
0.0014
0.0028
-0.0132
-0.0192
0.006
0.0068
0.008
-0.0012
0.0048
0.0096
-0.0086
-0.0076
0.0092
0.006
0.0086
0.0086
-0.0184
-0.0176
-0.002
-0.0018
-0.0034
0.0048
0.0278
-0.0154
-0.0194
0.022
-0.0208
-0.0214
-0.0114
-0.0038
-0.0002
0.0016
-0.0104
0.0006
0.0008
-0.0096
-0.005
-0.0058
-0.0098
0.0102
0.0086
0.0106
0.0102
-0.0054
0.008
0.0016
0.0056
-0.0034
0.0082
0.0044
0.023
-0.0044
0.0072
0.0068
0.0078
-0.0026
0.021
0.0242
0.0078
-0.0008
0.0022
0.0072
0.0218
-0.0012
0.002
0.0022
-0.0012
-0.0132
0.0032
-0.0036
-0.0066
-0.008
0.0036
-0.0042
0.0174
0.02
-0.0022
-0.0054
-0.0032
-0.0114
0.0022
0.003
0.0054
0.016
0.0102
0.0148
-0.0142
-0.0014
0.0016
-0.0126
-0.01
0.0148
0.0058
-0.0026
0.0098
0.0188
0.0024
0.005
-0.0104
0.0144
-0.0006
0.0046
-0.0008
-0.01
0.0074
0.0008
0.0162
-0.0064
-0.013
0.0056
-0.0164
-0.0048
-0.0078
-0.0048
0.0054
0.011
0.0004
-0.0052
0.004
-0.0012
-0.0096
-0.013
-0.0004
-0.006
0.0002
-0.015
0.0016
-0.008
-0.0156
-0.0036
-0.0076
0.0132
-0.0056
0.0118
-0.0102
-0.0022
-0.006
-0.012
-0.009
0.0044
0.007
-0.008
-0.0064
-0.0056
-0.01
0.0074
0.0052
-0.002
-0.0166
0.0152
-0.0072
0.0034
-0.0146
0.0068
0.0082
0.0022
-0.0024
0.0208
-0.0092
-0.0014
-0.0022
-0.003
-0.0036
0.0098
-0.0024
-0.0082
-0.0094
0.006
-0.0206
0.0092
-0.0226
0.0012
-0.0102
-0.0126
0.0154
-0.0086
-0.0114
-0.0114
0.0098
0.0026
-0.0044
-0.012
0.0126
-0.0046
-0.001
-0.0054
-0.0114
-0.0016
0
-0.0138
0.0106
-0.004
0.0002
-0.005
0.0206
0.0022
0.0162
0.0014
-0.0078
0.0088
-0.0062
0.0074
0.0026
-0.011
0.0076
-0.0038
-0.0076
-0.0038
0.0008
-0.0146
-0.007
-0.0056
-0.0044
0.0068
-0.0124
0.0084
0
-0.0034
0.0044
0.0062
-0.0062
0.0046
0.0162
0.0032
0.0078
-0.0016
-0.0062
0.0118
0.0134
0.0022
0.01
0.0014
0.0242
0.0094
0.0018
0.0036
0.017
-0.0116
0.0054
-0.0016
-0.0066
0.0226
-0.0056
-0.0026
0.0038
0.0032
0.0002
0.0046
-0.0012
0.0004
-0.0006
-0.0106
-0.0008
0.002
-0.0004
-0.0036
-0.0028
-0.012
0.0094
-0.0054
-0.0094
0.0092
-0.0094
0.0082
-0.0156
0.0106
-0.0004
0.0154
0.0036
-0.0052
-0.002
-0.0036
-0.0002
-0.0118
0.0014
0.0134
-0.0072
-0.0118
0.0126
-0.0006
0.0106
-0.0164
-0.0036
-0.0008
-0.0008
-0.0106
-0.0036
-0.0078
-0.0056
0.0084
-0.0046
-0.0006
-0.0032
0.0006
0.0138
-0.003
0.0072
-0.0006
-0.0094
-0.01
-0.0062
0.0092
-0.0062
0.018
0.0164
0.0148
-0.0046
-0.009
-0.0008
-0.0004
-0.005
-0.0122
-0.0014
-0.0036
0.0054
-0.0104
0.0214
-0.007
0.0002
0.0022
0.007
0.0154
0.0054
0.0136
0.0136
0.0012
0.012
0.007
0.007
0.0078
-0.0168
-0.0052
-0.017
0.0084
0.0104
-0.0046
0.0078
-0.0046
0.0064
0.001
-0.0158
0.0006
-0.01
-0.0098
-0.0082
0.0044
0.0008
-0.0048
-0.0036
-0.0112
0.001
0.007
-0.008
0.0046
0.0188
0.0278
0.0122
0.0048
-0.0016
-0.0154
-0.0026
-0.0152
-0.0162
0.0166
-0.007
-0.0046
0.0046
-0.0006
0.0028
-0.0134
-0.0036
0.0192
-0.0052
0.007
-0.006
0.0194
0.0006
0.0086
-0.0046
0.0002
-0.0148
-0.0042
-0.0078
-0.007
0
-0.0058
0.0158
-0.0144
-0.0092
-0.0012
-0.0124
-0.002
-0.0054
0.0092
-0.0076
-0.0042
0.003
0.0026
0.0088
-0.0066
0.0042
0.0146
0.0022
0.0078
-0.0192
-0.0054
-0.0204
0.0106
-0.001
0.0044
-0.0032
0.009
0.0038
-0.0082
0.001
-0.006
0.0214
0.0292
0.016
-0.001
0.0052
0.0292
0.0168
-0.0034
-0.0084
0.001
-0.0142
-0.0098
0.0018
0.012
0.0128
0.0084
0.0092
-0.0148
-0.0052
0.019
-0.0086
-0.0072
0.0176
0.008
-0.0006
0.0242
0.0084
0.0082
0.0102
-0.021
0.0216
-0.001
-0.002
-0.0052
-0.0228
-0.0066
-0.015
-0.0188
-0.0072
0.004
0.003
0.0002
0.0002
0.0114
0.0026
0.03
-0.0122
-0.0194
-0.0162
-0.015
-0.0084
0.0104
-0.0108
-0.0064
-0.0144
0.008
0.0096
0.0008
-0.0082
-0.0074
0.0002
-0.0058
-0.0008
-0.0022
0.0048
-0.0186
0.0062
0.0196
-0.004
0
-0.0064
-0.0028
-0.0078
-0.002
-0.007
0.0116
-0.0052
-0.0026
0.0128
-0.0158
-0.0084
-0.006
-0.0008
-0.0248
0.007
0.003
-0.0032
-0.002
-0.0058
0.006
-0.0116
0.0062
-0.001
-0.0038
0.0072
0.0044
-0.0032
-0.0094
-0.0026
0.009
0.0106
-0.017
-0.0072
0.0004
-0.0074
0.0002
0.0114
0.0136
-0.0052
0.0006
-0.0072
0.0024
0.0072
0.0014
0.0018
-0.0038
0.0178
0.0182
-0.006
-0.006
-0.0024
-0.0042
0.0176
0.0196
0.0064
0.0106
0.0198
0.0138
0.0154
-0.0076
-0.0032
-0.0098
0.0058
0.0044
0.0024
-0.0006
-0.0178
-0.0068
0.0048
0.0152
0.0034
0.0052
0.0122
0.0072
-0.0054
-0.0156
0.001
0.0106
0.004
0.003
0.0122
-0.0176
0.0026
-0.0084
-0.0032
-0.0026
0.0174
0.0102
0.0198
0.0082
-0.0076
0.018
0.008
-0.0062
-0.0086
0.0046
-0.0036
0.0018
0.001
-0.0008
0.0012
-0.0114
-0.0062
0.0092
0.0106
0.0012
0.011
-0.0226
-0.0058
0.0142
0.0072
0.0094
-0.0238
-0.0118
-0.0092
-0.0098
-0.0032
-0.0082
0.0068
0.0092
-0.0052
0.016
0.0088
0.0084
-0.0098
0.003
0.0062
0.0116
0.0032
0.0008
-0.0178
-0.0106
0.0016
0.0086
-0.0022
0.0024
0.0116
0.0142
0.0134
0.0118
0.0056
0.0106
0.0008
0.0148
0.0018
-0.0108
0.0238
-0.0156
-0.0072
0.0126
-0.0078
0.0056
-0.0016
0.0008
-0.0004
0.0096
0.0046
0.0076
0.005
-0.0008
0.0034
-0.0166
-0.0104
0.003
0.0136
0.007
0.0056
-0.0034
0.0008
0.0054
0.0064
0.0008
-0.0032
-0.0026
-0.0076
-0.0006
0.012
0.014
0.0038
0.0014
-0.0038
0.0246
0.0178
0.0006
0.004
0.002
0.007
-0.0078
0.0106
0.008
-0.0116
-0.0042
-0.008
0.0006
0.018
0.0042
0.0102
-0.016
-0.0232
0.0028
0.0014
0.0096
-0.0026
0.0052
-0.0034
-0.01
-0.001
0.0068
0.0054
-0.0072
-0.0108
0.0022
0.0002
0.0044
-0.0102
-0.0024
0.0098
0.0006
0.0064
-0.0026
0.0056
0.0032
0.013
0.0066
0.0056
0.0026
0.0034
0.0116
0.015
0.0222
0.0152
0.0006
0.0192
0.0016
0.0052
-0.0056
-0.0012
-0.0044
-0.0032
-0.0052
0.0026
-0.016
0.0158
-0.0098
0.015
-0.0022
0.004
-0.0114
-0.0004
-0.0012
0.0004
-0.01
0.0038
-0.0014
-0.018
0.0128
-0.005
0.002
0.0162
0.0106
-0.0094
-0.0078
-0.007
-0.012
-0.0028
0.0028
0.0186
0.0082
0.0056
-0.0042
0.004
0.003
-0.0014
0.0058
-0.0076
0.001
-0.0048
-0.004
0.0062
-0.0042
-0.0044
0.0062
0.017
-0.01
0.0154
0.0066
0.0148
0.0038
-0.0002
0.0024
-0.006
0.0114
-0.008
0.0086
0.0136
0.005
0.0014
0.0008
0.003
-0.0004
0.0164
0.0116
-0.0076
-0.0024
-0.0076
-0.0004
0.0164
-0.0006
-0.0136
-0.0196
-0.002
-0.0122
0.0068
0.0128
0.0062
0.0098
-0.002
0.0004
-0.0198
-0.01
-0.0024
0.0016
0.0052
-0.0064
-0.0202
0.0012
0.0008
-0.0104
0.0004
-0.0048
-0.0134
-0.0084
-0.0062
0.0028
-0.0074
-0.0006
-0.005
-0.0002
0.0022
0.0098
-0.0126
0
0.0068
0.012
-0.015
0.0144
0.022
0.007
0.0058
-0.0054
0.0034
0.0096
0.0024
0.002
-0.0034
-0.0092
0
-0.002
0.0048
-0.0188
0.0072
0.0034
0.0042
-0.0082
-0.0228
-0.0056
-0.0094
-0.0006
0.0014
-0.0118
0.0084
0.0124
0.0038
0.0114
-0.0018
0.0004
0.006
0.015
0.0002
0.0084
-0.0312
-0.0254
-0.0052
0.019
-0.0168
-0.0112
0.003
0.026
0.0012
-0.0078
0.003
-0.0054
0.0264
-0.007
-0.0006
-0.0256
-0.0002
-0.0044
0.0054
0.0156
0.015
0.0022
0.0016
-0.0138
0.0052
-0.0134
0.0162
-0.007
0.0118
0.0066
-0.007
-0.0132
0.009
0.0078
0.0124
-0.0042
-0.016
0.0076
-0.0118
0.0032
-0.0164
0.0024
-0.0008
-0.0072
0.0056
0.0014
-0.0058
-0.0038
-0.0182
0.0052
-0.0104
-0.0048
-0.011
-0.017
0.0122
-0.002
-0.0038
0.024
0.0026
0.0024
0.014
0.006
-0.0116
0.0086
-0.0012
0.0024
0.023
0.0118
-0.0122
0.0256
0.0152
-0.0024
0.0002
-0.0088
0.0068
-0.0094
-0.0076
-0.0148
0.014
0.0102
0.0086
-0.0068
-0.0114
-0.0014
0.007
-0.0014
0.012
0.0088
0.0026
0.0224
0.0042
-0.009
-0.0168
-0.0194
-0.0158
-0.0076
0.0082
0.0158
0.0082
-0.0048
-0.0178
-0.0144
-0.014
0.0016
0.002
-0.0056
-0.0012
-0.0026
-0.005
0.0184
0
0.0128
0.0046
-0.005
-0.0108
-0.0006
0.0136
0.0032
-0.0092
0.0002
-0.0078
-0.0032
0.0056
-0.0002
0.0062
0.0016
-0.0014
-0.036
0.0042
0.0074
-0.0174
0.002
0.0088
0.0086
0.0062
0.0038
-0.0188
-0.008
-0.0076
0.013
0.0024
-0.001
-0.0124
-0.0012
0.015
-0.0086
-0.003
-0.0064
-0.0068
0.0092
-0.0124
0.0068
-0.0014
0.006
-0.0074
0.007
0.004
0.0126
-0.003
