1 0.999008 0.000484233
1.005 -0.998965 0.000495762
1.01 -0.998938 0.000503583
1.015 -0.998875 0.00051727
1.02 0.998839 0.000529593
1.025 0.998795 0.000533949
1.03 0.13213 0.0640558
1.035 -0.998706 0.000561609
1.04 0.998645 0.000577138
1.045 -0.305836 0.0586876
1.05 -0.998571 0.000582581
1.055 -0.998473 0.000599419
1.06 -0.740506 0.13788
1.065 0.998385 0.000623174
1.07 -0.998348 0.000635197
1.075 -0.145391 0.0489253
1.08 0.998206 0.000675124
1.085 0.288435 0.155314
1.09 0.385278 0.0250235
1.095 0.277896 0.084931
1.1 0.514095 0.0390644
1.105 0.997892 0.00071889
1.11 -0.997821 0.000743376
1.115 0.997731 0.000748749
1.12 -0.0893539 0.0440752
1.125 0.997586 0.00078591
1.13 -0.997502 0.000795921
1.135 -0.323827 0.0273922
1.14 0.997348 0.000831829
1.145 0.997258 0.000846522
1.15 -0.205493 0.0659413
1.155 0.997082 0.000857863
1.16 0.997005 0.000889889
1.165 -0.454198 0.0501823
1.17 -0.996807 0.000904519
1.175 -0.996702 0.000955154
1.18 -0.050086 0.0614238
1.185 -0.996495 0.000972615
1.19 0.996407 0.000980458
1.195 -0.251512 0.0515001
1.2 -0.996182 0.00102123
1.205 0.996071 0.0010165
1.21 0.995976 0.00107144
1.215 -0.995844 0.00105832
1.22 0.995724 0.00106706
1.225 -0.995608 0.00109503
1.23 0.995489 0.0011005
1.235 0.995327 0.00112228
1.24 -0.193809 0.0363928
1.245 0.995109 0.00116925
1.25 -0.994935 0.00120256
1.255 -0.0117942 0.0480123
1.26 -0.031759 0.117087
1.265 0.175142 0.0688112
1.27 -0.310052 0.0448752
1.275 -0.994224 0.00129493
1.28 0.994072 0.00134192
1.285 -0.993909 0.00134603
1.29 -0.283516 0.0365483
1.295 0.342123 0.0718049
1.3 -0.264361 0.0902065
1.305 -0.993251 0.00140695
1.31 -0.110553 0.0457701
1.315 0.992927 0.00146935
1.32 -0.100754 0.103104
1.325 -0.0846903 0.049363
1.33 0.131638 0.0744966
1.335 0.992208 0.00153
1.34 0.992037 0.00156286
1.345 0.0130697 0.0456382
1.35 -0.991593 0.00159371
1.355 -0.991314 0.00166484
1.36 -0.389053 0.0702758
1.365 0.990954 0.00164191
1.37 0.99071 0.00169839
1.375 0.990513 0.00173551
1.38 0.990346 0.00172763
1.385 -0.99009 0.00178794
1.39 -0.989718 0.00184007
1.395 -0.448612 0.0765362
1.4 -0.98928 0.00187335
1.405 0.989042 0.00188776
1.41 0.0717746 0.0465499
1.415 -0.988485 0.00193582
1.42 0.209881 0.084887
1.425 0.987929 0.00199486
1.43 0.26074 0.0645092
1.435 0.987466 0.00205172
1.44 0.987212 0.00203883
1.445 0.986906 0.00207365
1.45 0.986629 0.00214104
1.455 0.324428 0.0650048
1.46 0.160037 0.0665203
1.465 0.985643 0.00229157
1.47 -0.985263 0.00230461
1.475 -0.985057 0.0023713
1.48 -0.984694 0.00233492
1.485 -0.984385 0.00230078
1.49 -0.98403 0.00240723
1.495 -0.983825 0.00238495
1.5 0.257847 0.0752317
1.505 -0.342646 0.0467973
1.51 -0.982521 0.00260629
1.515 0.982119 0.00266907
1.52 -0.981965 0.00260267
1.525 0.981566 0.00256469
1.53 0.360665 0.0862252
1.535 -0.126727 0.0425162
1.54 0.980402 0.00268285
1.545 0.979845 0.00302757
1.55 -0.979583 0.00290743
1.555 0.979 0.00289179
1.56 -0.978613 0.00288793
1.565 0.978061 0.00318011
1.57 -0.302018 0.109003
1.575 -0.977314 0.0030831
1.58 0.976883 0.0029639
1.585 -0.0386894 0.0257765
1.59 0.975912 0.00317564
1.595 0.97553 0.00321944
1.6 -0.974839 0.00321741
1.605 0.974673 0.00327698
1.61 0.267939 0.112091
1.615 -0.973432 0.00336638
1.62 -0.957481 0.0433271
1.625 0.136296 0.0842331
1.63 -0.972005 0.0034058
1.635 0.102097 0.106173
1.64 -0.97091 0.00367568
1.645 0.785654 0.164399
1.65 0.0816387 0.145642
1.655 0.969133 0.00379486
1.66 0.968264 0.00392114
1.665 -0.311118 0.0826917
1.67 -0.967365 0.00385189
1.675 -0.966457 0.00433085
1.68 0.965796 0.00414798
1.685 -0.965381 0.00405967
1.69 -0.964869 0.00419487
1.695 0.963893 0.00427902
1.7 -0.962973 0.00477783
1.705 -0.200725 0.0389437
1.71 -0.961696 0.00456917
1.715 -0.309805 0.0615719
1.72 0.960271 0.0047437
1.725 0.147503 0.0330432
1.73 -0.958499 0.00524021
1.735 -0.958264 0.00478729
1.74 0.187002 0.0471394
1.745 0.956346 0.00520655
1.75 0.952605 0.0133752
1.755 -0.931202 0.0584801
1.76 0.954063 0.00509785
1.765 -0.953003 0.00541785
1.77 0.95186 0.00580245
1.775 0.951438 0.00542792
1.78 0.950778 0.00548196
1.785 0.94994 0.00568644
1.79 0.948305 0.00627744
1.795 0.9481 0.00567083
1.8 0.946565 0.00629541
1.805 -0.945184 0.00619544
1.81 -0.944954 0.00608539
1.815 0.943953 0.00615877
1.82 0.942403 0.00657379
1.825 0.941508 0.00697107
1.83 -0.9409 0.0065502
1.835 0.939415 0.00661061
1.84 0.938112 0.00667916
1.845 -0.937195 0.00702587
1.85 0.936411 0.0068099
1.855 0.334566 0.117736
1.86 0.932976 0.00766379
1.865 -0.932502 0.00717033
1.87 0.931663 0.00759256
1.875 -0.930591 0.00735696
1.88 0.928059 0.00834996
1.885 0.354035 0.0590754
1.89 -0.0287654 0.0638255
1.895 0.191615 0.0612003
1.9 0.0219719 0.106104
1.905 0.920005 0.0121563
1.91 0.920874 0.00833826
1.915 -0.9181 0.00938114
1.92 0.918583 0.0080442
1.925 0.915085 0.00997769
1.93 -0.913737 0.00931528
1.935 0.913527 0.00880271
1.94 0.911549 0.00973823
1.945 0.456243 0.0930087
1.95 0.907573 0.00975046
1.955 -0.907672 0.00964891
1.96 0.903396 0.0108549
1.965 0.0210021 0.0704517
1.97 -0.900329 0.0108949
1.975 -0.898045 0.0112682
1.98 -0.895617 0.0115467
1.985 0.893078 0.0128819
1.99 -0.659732 0.233504
1.995 0.8902 0.0123009
2 -0.886958 0.013507
2.005 0.885027 0.0128169
2.01 -0.139388 0.152418
2.015 0.880983 0.0131355
2.02 -0.872014 0.0193862
2.025 -0.767494 0.137652
2.03 -0.873234 0.014145
2.035 -0.869039 0.0182291
2.04 -0.163605 0.097428
2.045 -0.823529 0.0705558
2.05 0.862546 0.0151834
2.055 -0.853365 0.0199886
2.06 -0.856707 0.0165537
2.065 0.849677 0.0224857
2.07 0.849265 0.0166997
2.075 -0.845479 0.01948
2.08 0.839607 0.0219975
2.085 0.836952 0.0216737
2.09 -0.830946 0.0209607
2.095 0.826082 0.0268224
2.1 0.821596 0.0279706
2.105 -0.817527 0.0244761
2.11 0.819512 0.023669
2.115 -0.814528 0.024113
2.12 -0.614082 0.196654
2.125 0.0648152 0.1815
2.13 0.796757 0.0312825
2.135 0.740828 0.102436
2.14 0.782237 0.0334884
2.145 -0.781231 0.0361259
2.15 0.761635 0.0430615
2.155 0.761354 0.0356509
2.16 0.766172 0.0327828
2.165 -0.761138 0.0315259
2.17 -0.732841 0.0530464
2.175 0.72575 0.0572251
2.18 0.56778 0.138715
2.185 0.702045 0.0591068
2.19 0.718334 0.0407866
2.195 0.695789 0.0518251
2.2 0.629587 0.105148
2.205 0.299902 0.180792
2.21 -0.595233 0.10411
2.215 -0.608677 0.0712716
2.22 -0.619008 0.0898315
2.225 0.575337 0.081939
2.23 0.543093 0.101653
2.235 0.417559 0.121178
2.24 0.565934 0.0725509
2.245 -0.482963 0.0891064
2.25 0.461963 0.133989
2.255 0.295133 0.219935
2.26 0.159598 0.277164
2.265 -0.0862824 0.237438
2.27 -0.182641 0.148014
2.275 -0.255737 0.199703
2.28 -0.111141 0.274433
2.285 0.0939523 0.106577
2.29 -0.030824 0.201739
2.295 0.163588 0.189346
2.3 -0.00831758 0.142579
2.305 0.151987 0.163817
2.31 -0.120284 0.135799
2.315 0.0082512 0.205977
2.32 0.0632313 0.192261
2.325 -0.00782592 0.142563
2.33 0.0379584 0.177611
2.335 0.102361 0.139482
2.34 0.0141667 0.119253
2.345 -0.0559571 0.1357
2.35 0.0556007 0.14048
2.355 -0.0171892 0.100461
2.36 0.0784698 0.0935163
2.365 -0.0457733 0.130306
2.37 0.0579209 0.0961213
2.375 -0.0375385 0.131238
2.38 -0.0234512 0.112349
2.385 0.00521134 0.0947449
2.39 -0.0076348 0.125252
2.395 0.0236384 0.10878
2.4 -0.0428035 0.101932
2.405 -0.0223604 0.101179
2.41 -0.0301178 0.0825676
2.415 0.00638862 0.0910208
2.42 -0.0345723 0.0927609
2.425 -0.0143681 0.0983738
2.43 0.0212292 0.0981645
2.435 0.00762734 0.0878845
2.44 -0.0236493 0.0895823
2.445 -0.00402362 0.0838334
2.45 0.0185609 0.08242
2.455 -0.00404296 0.0874964
2.46 0.00881376 0.0788583
2.465 -0.00800532 0.079467
2.47 0.00019126 0.0911079
2.475 -0.00823066 0.0793067
2.48 -0.00394814 0.0663365
2.485 0.00361516 0.0774149
2.49 0.0047359 0.0848558
2.495 0.00179914 0.0737808
2.5 0.0105313 0.0759255
2.505 0.00429468 0.0666493
2.51 -0.0128233 0.0701658
2.515 0.00381424 0.0624555
2.52 0.00029898 0.0667903
2.525 0.00266414 0.0631078
2.53 0.0019141 0.0746897
2.535 -0.0067563 0.0642128
2.54 -0.0059972 0.0606166
2.545 -0.00942714 0.0626304
2.55 0.00432398 0.0646415
2.555 -0.00108578 0.0648418
2.56 -0.00191998 0.0625975
2.565 0.00752248 0.0618861
2.57 0.0021708 0.062587
2.575 -0.00809352 0.0645136
2.58 0.00141924 0.0575852
2.585 -0.00600708 0.0559933
2.59 0.00604114 0.0609206
2.595 -0.0053532 0.0543178
2.6 0.0136101 0.0516671
2.605 0.0066934 0.0501798
2.61 -0.0078086 0.0524713
2.615 -0.00157306 0.0508768
2.62 -0.00892756 0.0537672
2.625 0.00173148 0.0561987
2.63 0.00263134 0.0529466
2.635 -0.00234658 0.0515839
2.64 -0.00194694 0.0489478
2.645 0.00410426 0.0513725
2.65 -0.00312294 0.0507802
2.655 0.0020474 0.0523011
2.66 0.00739948 0.0480581
2.665 0.00534034 0.0501513
2.67 0.00088426 0.0500966
2.675 0.00016464 0.0486122
2.68 0.00153194 0.0463629
2.685 -0.00793794 0.0492383
2.69 -0.00542272 0.0476746
2.695 0.0084681 0.0501086
2.7 0.00173646 0.0441436
2.705 -0.00098 0.0482051
2.71 0.0006876 0.045576
2.715 -0.00383764 0.0441481
2.72 0.0039014 0.0471051
2.725 0.00405554 0.044845
2.73 -0.0003128 0.0438151
2.735 -0.00368576 0.0454352
2.74 -0.00100454 0.0431215
2.745 0.00066324 0.0472513
2.75 -0.00022138 0.0426773
2.755 -0.0017693 0.0424963
2.76 0.00174416 0.0444944
2.765 -0.0017996 0.0407406
2.77 0.00219774 0.0423654
2.775 -0.00213776 0.0424111
2.78 0.00233396 0.0426691
2.785 -0.0005437 0.0420269
2.79 -0.00574284 0.0406172
2.795 0.00255112 0.0416246
2.8 0.00134988 0.0410579
2.805 0.00542054 0.0416071
2.81 -0.00477744 0.0423327
2.815 -0.00509196 0.0397806
2.82 -0.00039768 0.0395858
2.825 -0.00070612 0.0382487
2.83 -0.0001417 0.0381269
2.835 0.00025386 0.0386592
2.84 -0.00045242 0.0393621
2.845 -0.00016204 0.0371213
2.85 0.00364144 0.0381021
2.855 0.00183978 0.0373075
2.86 -0.00198756 0.0383255
2.865 0.00530004 0.0395861
2.87 -0.0014454 0.0370243
2.875 -0.00115276 0.0367902
2.88 0.0006551 0.0375117
2.885 -0.00117478 0.0375114
2.89 -0.00299552 0.03625
2.895 0.00107378 0.0372143
2.9 -0.00056918 0.0363582
2.905 -0.00161852 0.0351421
2.91 0.00116598 0.0375453
2.915 0.00062076 0.0354734
2.92 -0.00075732 0.0374544
2.925 8.808e-05 0.0355509
2.93 0.00303836 0.0365399
2.935 -0.00051064 0.0342621
2.94 -0.0012225 0.0330635
2.945 -0.00192028 0.036203
2.95 0.00060386 0.0325117
2.955 0.00118348 0.0340247
2.96 -0.0016447 0.0333418
2.965 -0.00353508 0.0337252
2.97 0.00081238 0.0335982
2.975 -0.00247868 0.0320862
2.98 -0.00110546 0.0342005
2.985 -0.00073976 0.0326515
2.99 -0.00211852 0.0316391
2.995 -0.00262242 0.0334719
3 -0.00146902 0.0324039
